GemeenteCode,Gemeentenaam,energetic_emissions_other_ghg_agriculture,energetic_emissions_other_ghg_buildings,energetic_emissions_other_ghg_energy,energetic_emissions_other_ghg_households,energetic_emissions_other_ghg_industry,energetic_emissions_other_ghg_transport,non_energetic_emissions_other_ghg_agriculture_fermentation,non_energetic_emissions_other_ghg_agriculture_manure,non_energetic_emissions_other_ghg_agriculture_other,non_energetic_emissions_other_ghg_agriculture_soil_cultivation,non_energetic_emissions_other_ghg_chemical_industry,non_energetic_emissions_other_ghg_other_industry,non_energetic_emissions_other_ghg_waste_management,indirect_emissions_co2,non_energetic_emissions_co2_agriculture_manure,non_energetic_emissions_co2_agriculture_soil_cultivation,non_energetic_emissions_co2_chemical_industry,non_energetic_emissions_co2_other_industry,non_energetic_emissions_co2_waste_management
GM0014,Groningen,0.0001305234749454792,7.192236945899884e-05,0.004430983200738447,0.0007564563586396121,0.00024525190784899004,0.0023706602751177677,0.035644378133829265,0.0012273694483727392,0.0,0.022329716460145334,0.0010356586131240468,0.007983984340743457,0.060331020433145456,0.005787948788614956,0.000447934593384141,0.0001683467842903318,0.000126474591094553,0.007064174953092135,0.0
GM0034,Almere,0.003919062066618424,4.410435262278106e-05,0.0038595589594427504,0.0006006520699917799,0.00017952260741097543,0.002449918452771005,0.0023818576281490903,0.0004933714959536777,0.0,0.005067890902296167,3.611236897274608e-09,0.005494281403543373,0.07844372140756112,0.005425183257825586,6.13407839412002e-05,0.0,0.000207022654696671,0.0069379249503802925,0.0
GM0037,Stadskanaal,7.569114520129229e-05,4.04792858230007e-06,0.0005390877924927106,0.00033189769841245477,3.349430139604762e-05,0.0002931972240433825,0.011483766586228631,0.0018233784031418429,0.0,0.011580702615521077,0.0,0.0009211074730842793,0.002194480121723626,0.0007576734504339612,0.000212877626014021,0.00014552346294534322,9.11464930234493e-05,0.0008863554756853561,0.0
GM0047,Veendam,4.810843769288643e-05,1.8962842164618863e-05,0.0005093475832831668,0.00025366063679265,4.895387628599906e-05,0.00036750926448167687,0.007130189953602204,0.0022971137625772023,0.0,0.007535935282689362,2.90245e-05,0.0008840848083847525,0.06239522065044417,0.000674391026629961,0.000137295038392202,9.02454592877537e-05,7.77218157564296e-05,0.0010979019867017104,0.0
GM0050,Zeewolde,0.00022535998034160253,3.0731464847260393e-06,0.0004113373755846011,0.0001318055102808799,7.449843780751888e-05,0.0009959731263940901,0.05909457713239729,0.006227375691858741,0.0,0.028184067617211806,6.018728162124384e-10,0.0012690466598414888,0.0020642399171462997,0.0005712778920225469,0.000504597548838327,1.379539174766337e-06,7.0656196142208706e-06,0.0010330390856949068,0.0
GM0059,Achtkarspelen,0.00023591835779943182,3.6465618984069007e-06,0.0005231281185344195,0.00034866532351946904,3.781525386099579e-05,0.00030644464092812655,0.039854579204057355,0.0016748887565132306,0.0,0.016183437454472198,0.0,0.0009168952982244073,0.0013647101941218298,0.0006851072056570577,0.000354695840353826,0.0001303683585534115,0.0,0.0008032854223050571,0.0
GM0060,Ameland,2.5088829237745542e-05,4.979049555252907e-07,0.0001667091637884972,5.110692801525243e-05,5.381398397494483e-06,5.037344684333849e-05,0.006551389436620468,0.0001339749890377573,0.0,0.0034972131778633867,0.0,0.00010149839700222723,0.00046039654764702795,9.269393978558617e-05,9.702237173516471e-05,3.0338130279016457e-05,0.0,0.00011079291147454058,0.0
GM0072,Harlingen,0.0002033600660397262,2.0948311742044166e-06,0.003888217250128224,9.717768995149052e-05,4.331955173709614e-05,0.0002959920252489642,0.008696338675667548,0.0009311053143901124,0.0,0.0028321843462670144,0.0,0.0004375774089254796,0.0011883885727246508,0.0003926834965639824,7.37068059308383e-05,1.116859767901578e-05,0.0,0.0011908356944500594,0.0
GM0074,Heerenveen,0.00022932789915350342,3.278352296854737e-05,0.0008773862715568902,0.0004393982455467754,6.909774379411223e-05,0.0010453053121220511,0.09076209807433656,0.0035323484932453216,0.0,0.040163228976742765,1.0360560000000002e-06,0.0024327392637219693,0.01953252368359112,0.0012234069304286209,0.00057708276199273,0.00023079073393863912,1.76640490355521e-05,0.0017042690785668347,0.0
GM0080,Leeuwarden,0.0002889079125731495,2.254639194490083e-05,0.0022503300211130567,0.000668048584096324,0.00013172877692926534,0.001463674930432495,0.10844716500160614,0.004911003646741165,0.0,0.04057606466139398,1.1134647099930115e-08,0.005508697770898019,0.009108325367378604,0.003081846041948217,0.000971000110468862,0.0002237170563453267,7.20693200650529e-05,0.003845085177074185,0.0
GM0085,Ooststellingwerf,0.00034069488978761284,4.725339080881427e-06,0.0004390660851483622,0.00031806246614731804,4.975064929485517e-05,0.000484325533501456,0.09787566594510405,0.00646013945767409,0.0,0.029878946891540838,0.0,0.0006084222324082316,0.007998376674632742,0.0006186286562925788,0.000516903393260981,0.0002588422283890267,1.41312392284417e-06,0.0007237188225619895,0.0
GM0086,Opsterland,0.00022453677789325847,3.899372682920931e-06,0.0005540364488900435,0.00038709036289733684,7.23160693681289e-05,0.0008744537430251621,0.09450978955121442,0.005182624167325643,0.0,0.03914376463968931,9.028092243186578e-09,0.0007452748314711907,0.002451404108173605,0.0007321020350593034,0.0005931228164998759,0.000281848555734572,4.66330894538577e-05,0.0008563400958593127,0.0
GM0088,Schiermonnikoog,1.8709449194602518e-05,1.3275282225818931e-07,1.703071060755313e-05,1.4670937568591637e-05,1.5307394299534357e-06,3.324513505979951e-05,0.001923345592337955,0.00020459293593364506,0.0,0.0007116969240452448,0.0,2.617437939316647e-05,0.00010037530043667482,2.3995671665913886e-05,1.09790616123771e-05,3.51264514524177e-06,0.0,2.9461476442188637e-05,0.0
GM0090,Smallingerland,0.00019443582420219292,9.670833009633207e-06,0.0011354308893632846,0.00038035869544682564,7.632226082497347e-05,0.0010993164961741685,0.0454645606261461,0.0021091002977312217,0.0,0.023584619226367218,0.0,0.001624207033794567,0.0072176476605947965,0.001361846947751369,0.00032289028755969903,0.00014467140548170038,9.46793028305597e-05,0.001593352606888909,0.0
GM0093,Terschelling,3.8329133148452616e-05,6.397874470482693e-07,8.454840088419753e-05,5.482610083565228e-05,5.244500537865154e-06,0.00010352447470582385,0.005146106644989361,0.00018158826814143047,0.0,0.0025409532966086793,0.0,0.0001308791474206938,0.00027234576764942147,0.00011912572025007012,6.620722321559e-05,1.641547912640901e-05,0.0,0.00014205452086368852,0.0
GM0096,Vlieland,1.6109376687337106e-05,1.7218298312608304e-07,2.2044828451401224e-05,1.0362239659025317e-05,1.4026770140927143e-06,1.8580011786688628e-05,0.00013153543519622157,5.480458860315343e-07,0.0,2.9574180916954142e-05,0.0,3.16855456746681e-05,6.874674910207769e-05,3.1060387181766734e-05,9.05713000574764e-08,0.0,0.0,3.650039340423912e-05,0.0
GM0098,Weststellingwerf,0.0003263497440012086,3.4163691673900837e-06,0.0006708280263449317,0.00030193305428597426,3.811975731827428e-05,0.0005505757298516378,0.1250212020993331,0.004068059091465965,0.0,0.05393091678699291,5.446948986722544e-08,0.0007651272455095359,0.001222217537933141,0.0006401432865255387,0.000626552302855019,0.0003021747986729878,0.0,0.0007491179894903883,0.0
GM0106,Assen,2.98752913380506e-05,1.1795047199449037e-05,0.001288722587617894,0.00036279317758614043,6.717397236901165e-05,0.0007085794880427272,0.005528492422760893,0.0007206903977261528,0.0,0.004970691461373279,0.0,0.001893147482109219,0.002030161412432621,0.001683125696188001,9.53410324943779e-05,6.34956855311739e-05,2.96756023797276e-05,0.0023506238443666318,0.0
GM0109,Coevorden,0.00026867858631382096,4.6422390183585136e-06,0.0012073889378079322,0.0003994551750017823,0.00010634227702782556,0.0010711121537569832,0.088399347650204,0.009184212831944588,0.0,0.0374726199948576,0.0,0.0009431908930908197,0.0025315320151717757,0.000861737023451392,0.0006545448320802049,0.00034121004871226,1.41312392284417e-05,0.0010084018490531714,0.0
GM0114,Emmen,0.015495988600843136,2.0620521886467e-05,0.002092584590107478,0.0009832056432815717,0.00013136531876966668,0.0012574227572757371,0.04445860705273734,0.008119353814449259,0.0,0.04606138184698163,0.0010021235599999999,0.003034459034418115,0.004145093821371066,0.0026431854552444126,0.000537993205401356,0.000366376606027727,0.00017028143270272298,0.004399483138654343,0.0
GM0118,Hoogeveen,0.00023021757037095113,7.335177331867972e-06,0.0009939710133941785,0.0003836946008145963,8.660138467654166e-05,0.0011975436102407001,0.035432642823214996,0.0020556775552174585,0.0,0.016442493600237675,6.620600978336799e-09,0.00509352296489575,0.003256801879228599,0.0013684715715778218,0.000247512707385883,0.00014913180395989932,5.58183949523449e-05,0.002127907672693257,0.0
GM0119,Meppel,0.00010112409798215915,4.457180021678088e-06,0.0006376754072888237,0.00022696852482439754,6.496697752611722e-05,0.0006115048662929207,0.02267707043918091,0.0007104758917549464,0.0,0.010692639861476763,0.0,0.0009689327572548648,0.0019997995238738254,0.0008286657988282504,0.000127826140373138,6.69898616690112e-05,1.13049913827534e-05,0.0009697994845452899,0.0
GM0141,Almelo,6.578876824867327e-05,2.8773428638003906e-05,0.0012835327530273065,0.00035838801671444847,0.0003403470505667757,0.0010341823892398435,0.018870422615847083,0.0013518212814949372,0.0,0.005270764868601033,0.03399198573667852,0.002468744201303272,0.014832756863289838,0.001801676288614527,9.34834115343387e-05,5.81726587872839e-05,0.029026994374873164,0.0022358946097243626,0.0
GM0147,Borne,7.693619580599263e-05,3.0976211782523605e-06,0.0004130504586597696,0.00016641245601028528,2.488322303210059e-05,0.0005163858258738881,0.00840609173595505,0.00027290399074934114,0.0,0.002109870025151021,0.0,0.0006633831565414308,0.00034293218040113083,0.0005819735544716067,4.75079215436265e-05,3.047528174106984e-05,1.41312392284417e-06,0.0006809639176609952,0.0
GM0148,Dalfsen,0.0005696159640011781,3.818624897601143e-06,0.0005097579881723304,0.00032118747643042887,4.3209396852608486e-05,0.00046696521879132285,0.09109984657982433,0.00943820023288074,0.0,0.022292992051608677,0.0,0.0007616306020241122,0.0016884960344497448,0.0007159723346942309,0.000455260302793854,0.0002040352640939689,7.77218157564296e-06,0.0008921350700687024,0.0
GM0150,Deventer,0.0002099741113496787,1.8215901442017698e-05,0.0018094345041559864,0.0004447563734150944,0.0001540401327249429,0.001576310163396111,0.04785814455584631,0.0036218139450531735,0.0,0.012828395375769755,0.004057376546268554,0.0028574157170653384,0.0031335619257046856,0.0024933378629448224,0.000276525304779791,0.00012013768516238931,2.11968588426626e-05,0.002918159934835882,0.0
GM0153,Enschede,0.00011399328689802479,2.103709259499805e-05,0.03313330269237379,0.0005666718493541711,0.00026302827496942397,0.001293605816684176,0.02069639244018056,0.0011065512168263014,0.0,0.008471312016220795,9.329028651292784e-09,0.004207258072980561,0.010343188466749666,0.003923500298938874,0.00019650175348161003,0.00010244896892276528,0.00014343207816868298,0.004845526588366627,0.0
GM0158,Haaksbergen,0.000199066676471588,3.1676389748780463e-06,0.0004205701893486327,0.00019863686902136108,5.398340959644672e-05,0.0003829418445669126,0.039545222363970116,0.004267479481103614,0.0,0.01040828752838642,0.0,0.0007074350511495726,0.0009944780153908635,0.0005925685902739325,0.000200528181845311,0.0001100774002341751,4.239371768532521e-06,0.0006931524073930741,0.0
GM0160,Hardenberg,0.0011976665066405095,1.8518279281619913e-05,0.0014735155170155097,0.0006139826413492684,9.86430791651428e-05,0.001084911538506478,0.1421349727398259,0.014740578697386481,0.0,0.04272980746864246,0.0,0.001590539649305229,0.01970065006172219,0.001512283686293835,0.000637186353767996,0.00035727600977735,0.0,0.0017695316991309966,0.0
GM0163,Hellendoorn,0.0002003719177401244,4.758632229648129e-06,0.0006256004864119408,0.00032618584029908774,4.5195869920905436e-05,0.0003269198525182914,0.04957608511462728,0.0060969229714181086,0.0,0.013097906945774031,0.0,0.0010877842409947208,0.001980480095721528,0.0008798078835555061,0.00023995069821580603,0.00013366285611120699,3.5328098071104298e-06,0.001065598310632148,0.0
GM0164,Hengelo (O),0.0001729845051868557,7.32383727602221e-05,0.024708981610905272,0.0003455747732789475,0.00011647712248093086,0.0010322276528381825,0.008509387391897277,0.00039255097032864515,0.0,0.0033100555766250165,0.0,0.0032385462951731894,0.026860819635884135,0.002008561864107519,7.17018056008796e-05,3.76352932590678e-05,0.00144633233503101,0.0030409985264199723,0.0
GM0166,Kampen,0.011390478739585265,7.2651068723286975e-06,0.0009583107214370702,0.0002675781393691558,8.315539274514103e-05,0.0007809457630579792,0.07988717637004226,0.00201781112913815,0.0,0.029579626153241213,2.437584905660377e-08,0.001566409391291251,0.0023161701751018083,0.0013474555292729794,0.000520928166721395,9.02479159609629e-05,2.3316544726928805e-05,0.002289044912374936,0.0
GM0168,Losser,0.00040941255120923467,3.0464065455505406e-06,0.000404676745575566,0.00019665246987764546,7.739545270371805e-05,0.00041646729794001615,0.040098198482318756,0.002749263985939222,0.0,0.010604065535662049,6.018728162124384e-10,0.0005575862222313052,0.0010272747998550174,0.0005701752875394008,0.00024113665425212302,9.938776018895458e-05,0.0,0.0006670757538607082,0.0
GM0171,Noordoostpolder,0.009466758946791512,3.652293595865087e-05,0.0008613677353579498,0.00036397032034559047,9.520221118841925e-05,0.0018653927963222059,0.04557647536334537,0.014868570214393263,0.0,0.05537895757007274,0.0,0.0037996830031778828,0.01762554471943822,0.0012128839058978549,0.0008749168447606839,6.063059664358231e-05,1.41312392284417e-05,0.0014246909134361556,0.0
GM0173,Oldenzaal,0.00010965662412508451,4.135087814588973e-06,0.0005469440226256902,0.00017043049235616507,5.56721133991901e-05,0.00031762882194117964,0.001017222578846624,2.2117506952821958e-05,0.0,0.0009971003389461152,0.0,0.0010505625944473907,0.0015487005168327082,0.0007706248722669068,2.17285525826258e-05,9.590027714967031e-06,2.11968588426626e-05,0.0009018549863625948,0.0
GM0175,Ommen,0.00019207640618810708,2.425354942677295e-06,0.0003226141703487996,0.0001899599237058544,4.674449132144557e-05,0.0005312339773358428,0.06237009224282005,0.010779244225719084,0.0,0.01819853205538383,0.0,0.0005197417773707959,0.0005967312356776869,0.0004545520081251174,0.00031789251211727606,0.0001505365045202184,0.0,0.0006227829524783432,0.0
GM0177,Raalte,0.000517194953157958,4.942616393339447e-06,0.0006581761449591231,0.0003511573278894561,5.648245001414543e-05,0.0005672181814065933,0.0958780736454892,0.01247762454267679,0.0,0.023382818657813626,0.0,0.0009838266437956558,0.0018218059405423351,0.0009262176545202997,0.000479770882849378,0.0002136855832332775,9.89186745990922e-06,0.0011743474970927388,0.0
GM0180,Staphorst,0.0004282027759448139,2.4159440664267246e-06,0.00032215262852022347,0.0001715077173283854,4.765672428158112e-05,0.0009293535391620048,0.07446103344013336,0.0020593414644541367,0.0,0.030557384006149328,0.0,0.0006201342206880328,0.001484491351685636,0.0004539017119376128,0.000383054695051162,0.00018405620376136047,2.1196858842662604e-06,0.0006042122708424829,0.0
GM0183,Tubbergen,0.0004684990382638271,2.8100219973199504e-06,0.00036495196754975144,0.00023070458137461843,3.780961400670791e-05,0.00025518619065788593,0.09092333596833378,0.006608323951196702,0.0,0.021302424582244413,0.0,0.0005504051800255422,0.0013257546992912809,0.0005135902959349111,0.00039146583986222807,0.0002066113196881495,0.0,0.000873171362071235,0.0
GM0184,Urk,9.506881867548275e-06,2.8279879900890186e-06,0.0003770963811170799,9.596179793500092e-05,6.517535970640327e-05,9.274833816854137e-05,0.0006348438448144047,0.0001064783374656056,0.0,0.0008797091736049816,0.0,0.0025771762393562805,0.00017433729686422563,0.0005313155250067319,1.05040803100461e-05,6.30666733646248e-07,0.0,0.0007148063400150426,0.0
GM0189,Wierden,0.000246400709447656,3.24776554791536e-06,0.00042910529458084425,0.00024206447081187064,3.9430519681676436e-05,0.000719254003247985,0.03935484414242027,0.004765058179542126,0.0,0.010248637523826055,0.0,0.0007228777220505601,0.0004078790231585823,0.0006045942530607428,0.00020611734485748,0.0001245539756343422,0.0,0.0007076945455917028,0.0
GM0193,Zwolle,0.0004493616322398276,2.8256503119248813e-05,0.0025938692456530456,0.0004134690338293139,0.00012983736812929714,0.002004556974532741,0.02824933708477871,0.002015114853898603,0.0,0.014095297996025265,3.2501132075471645e-08,0.006415535723038327,0.0047085505185859985,0.003218432958944393,0.000254883131189611,8.87940945315073e-05,7.2775882026475e-05,0.0038025977073498887,0.0
GM0197,Aalten,0.00016844654716183393,3.5053779973632493e-06,0.0004671975337299172,0.00027478812025267813,3.0195280407369495e-05,0.00024376671229090578,0.044460161721977656,0.007426831184381999,0.0,0.011681048418094414,0.0,0.0021100938714815436,0.0011728208064440302,0.0006560061527605591,0.000224119195944759,0.00013157603600838183,1.13049913827534e-05,0.0007675008161224926,0.0
GM0200,Apeldoorn,0.0010207235410198147,3.646427205069731e-05,0.0029201295454432045,0.00076526740339492,0.00043300544011220827,0.004103414296034385,0.0405077317900221,0.001762630696135291,0.0,0.009972725814173194,0.001530175977551888,0.006176050894126462,0.007556826286334412,0.004067302969959936,0.00021880808560699,0.00012560627434934321,0.004271376796328113,0.0049213296712773205,0.0
GM0202,Arnhem,0.00021025540597537697,2.955391328528246e-05,0.005503921880748007,0.00040259138427305494,0.0007904503981368252,0.0033647601098348023,0.0035799034311708396,8.873296153913819e-05,0.0,0.0015751953335299356,0.014940033610366069,0.010558626711422013,0.004683078878830441,0.003998694309239552,3.84877677452548e-05,1.2593617838645142e-05,0.012765850446339716,0.004680876207866717,0.0
GM0203,Barneveld,0.002412960703968095,8.084922079328743e-05,0.022888751647383025,0.00036872150821440987,0.00016270248090789058,0.0019860839787842594,0.10524834098090188,0.0047920773861092215,0.0,0.015990196947538365,2.7309028092243188e-06,0.003451702472767109,0.3311927092971818,0.0014720073385193827,0.000279283845531152,8.7540486578336e-05,0.00020348984488956099,0.001722503724277613,0.0
GM0209,Beuningen,0.0005062053914776158,0.00010062296966306507,0.006316165440179369,0.00019416390214686805,9.270621939265974e-05,0.0009930776510952445,0.010036236665369751,0.0007853066984816162,0.0,0.003816601559926387,0.0,0.0008532815353175312,0.06033728632139415,0.0006416432715602774,8.54503666531255e-05,2.8289819682666712e-05,0.0,0.0007638945073721158,0.0
GM0213,Brummen,0.0002023699131204545,2.8174695488970077e-06,0.0003712218077739372,0.00019780175292506542,0.0003791466368819652,0.0003014697697853845,0.02088387500413686,0.0008952876680651,0.0,0.007205432492224141,0.0,0.0007921997727202617,0.0007779611597778228,0.0005230384579854167,0.000193497331001469,6.373680684924581e-05,3.39149741482602e-05,0.0006137544852082505,0.002408348
GM0214,Buren,0.0006334288759394142,3.611876651080326e-06,0.000481623549653332,0.000298109596027504,2.4211422895272067e-05,0.00045615776556784133,0.0382506008507883,0.00528456016024421,0.0,0.01624470698161039,0.0,0.0006772798580067882,0.00011362070892395636,0.0006785906255096554,0.000433419191195841,0.00012691806312668878,0.0,0.0008014383067741098,0.0
GM0216,Culemborg,2.3332987886707963e-05,3.875523744512857e-06,0.0005120659835203458,0.000112215331978467,3.690662953644124e-05,0.0004187887461471279,0.0074238290552693315,0.00013557571666197548,0.0,0.0028708787980674323,0.0,0.0008814919205467795,0.0013792733303455579,0.0007214829430774364,7.924565465674879e-05,2.3829545076197863e-05,2.61427925726172e-05,0.0008448852252806631,0.0
GM0221,Doesburg,5.614266074307043e-06,1.400348495774386e-06,0.00018672863955219518,8.219696496171677e-05,1.0663482150770207e-05,8.016548983627972e-05,0.002691120131847286,0.0002452536225494868,0.0,0.001267169056609074,0.0,0.0002698980733607484,2.8300777139536212e-05,0.00026309407919420974,3.7020775015586404e-05,6.9962910481269905e-06,3.17952882639939e-05,0.0003081713069964345,0.0
GM0222,Doetinchem,0.00011848450345881127,7.722465323672611e-06,0.001063103304701826,0.0004121688670572902,0.0003454444919417359,0.0007482437690649083,0.021986320965773857,0.0038462859801897567,0.0,0.0070261441953270755,0.0,0.004232614821934432,0.0005122541789607297,0.0014500654668222653,0.00014223266404274302,8.051981376638371e-05,2.4729668649773e-05,0.0019868086733680155,0.0
GM0225,Druten,0.0003762099606804949,2.5962951024336223e-06,0.00034078627542025885,0.00015176387047358646,3.0616182219517415e-05,0.00032477145864887654,0.014759195986349987,0.0070890373374145055,0.0,0.004219111551763447,0.0,0.00046574615214295964,0.0008807165330480871,0.00047933696052762496,9.50803605311361e-05,3.34461678300879e-05,0.0,0.013281887661628624,0.0
GM0226,Duiven,0.0007690601655043039,1.11728689292486e-05,0.011690141332652707,0.00014419777759465356,6.419176075449303e-05,0.0005826014755790272,0.004896853477687456,0.00015561814970409575,0.0,0.00316211482203546,0.0,0.0008173468877312127,0.006760554555227572,0.0006444500533689301,7.82715564076995e-05,1.4125586084815819e-05,5.0165899260968206e-05,0.0009361734584045467,0.0
GM0228,Ede,0.0027669032902433717,2.4735024404006193e-05,0.002156822339053385,0.00059374752639147,0.0001908115263948358,0.002712441393573833,0.11787395454299117,0.008714583474920677,0.0,0.018710013646000584,0.0006014478349697888,0.0034667770177200723,0.01897791781813004,0.003014248872139843,0.000308075309211443,0.0001612710657845159,0.000724278739920923,0.0036531247784704793,0.0
GM0230,Elburg,0.0002580124113894532,6.820381720503334e-06,0.00041334631552917894,0.00019252173483860104,2.3564641274145283e-05,0.0005137419086907104,0.016163884316077345,0.000760900575838699,0.0,0.005357297049341913,0.0,0.0006156192680472618,0.0029781201977447888,0.000582390406384721,0.000112912844849082,4.93778213340837e-05,0.0,0.0006814815347439819,0.0
GM0232,Epe,0.0006882633258651265,4.318419937060377e-06,0.0005717467120149221,0.00029390585781494637,6.502644847812237e-05,0.0008552801701229061,0.0315151017139051,0.002017362818459009,0.0,0.008956817584881137,6.018728162124384e-10,0.0009197544058014436,0.0009644232847634578,0.0008055709884173199,0.0002141321578353,9.34999959007413e-05,1.27181153055975e-05,0.0009425283751380177,0.0
GM0233,Ermelo,0.0005580268999553331,7.62293490961826e-05,0.00047663006054490657,0.0001840176308751286,4.832747053728777e-05,0.0005004280575981323,0.01683921372427266,0.0005691830159546762,0.0,0.002785035392419852,1.1736519916142533e-08,0.0006782038745857345,0.0421580114564241,0.0006715549751557596,6.723926354472509e-05,2.127600791673303e-05,1.97837349198184e-05,0.0007860432392929647,0.0
GM0243,Harderwijk,0.00012254686416890193,1.1516439065557327e-05,0.0008846155995253659,0.00019778429564183214,0.00011808944989502518,0.0007875396156152576,0.003996055584654565,2.6825542652289333e-05,0.0,0.0008735982740120396,0.0,0.0013415618796085236,0.004813313260274046,0.0011903005853279717,1.65437333416845e-05,9.34632242682134e-06,1.34246772670196e-05,0.0015201180979366462,0.0
GM0244,Hattem,1.0866791033138966e-05,1.6503646248410577e-06,0.00021684574448698924,0.00011379796590135706,2.7451323141159056e-05,0.0006653574870415046,0.005040531288229734,0.0006587640437462504,0.0,0.002010076326381775,0.0,0.0003056500753924644,0.001333995763676656,0.00030552801974996724,5.4350306131298296e-05,7.566863283049111e-06,5.6524956913767e-06,0.00035863002467890565,0.0
GM0246,Heerde,0.00034084392414570534,2.4993720795755748e-06,0.00033123570457270664,0.0002145301874513741,4.66703879136119e-05,0.0005398835919283557,0.01459698147236467,0.0004565869058398564,0.0,0.005712881536154271,4.393671558350788e-08,0.0005916115461815357,0.0006848183732151784,0.00046669944631842286,0.00014687369333375,4.0421510218775003e-05,0.0,0.0005467350053460495,0.0
GM0252,Heumen,0.00015040067740196598,2.378773152300247e-06,0.00031933357373840296,0.0001364647476803436,1.6575014242090915e-05,0.00044609855012149607,0.009245373462843102,0.002835942858446773,0.0,0.0028415057502506162,0.0,0.0004221539453510876,0.0002315779188924574,0.0004469181307402012,6.87448395916298e-05,3.6541723410898e-05,0.0,0.0005249314628863666,0.0
GM0262,Lochem,0.0002152801305051593,5.097376225537841e-06,0.0005836077095192165,0.00035546223709468044,6.95913909597226e-05,0.0005098851908921563,0.07760129355575357,0.005856933998467051,0.0,0.022967137887467355,1.2037456324248767e-09,0.00093991964403916,0.003655267906547802,0.0008215298082604938,0.000514611609513177,0.0002355201198695614,0.0,0.0009645432707368415,0.0
GM0263,Maasdriel,0.003595396321812873,3.3706050399951004e-06,0.00045088332514727587,0.00027553792289596426,7.290608538999923e-05,0.0008659217644178322,0.022472124702445504,0.001764603958284381,0.0,0.006826670400850931,4.002454227812712e-08,0.002109104797476695,0.00043280912556172495,0.000633261100362368,0.000172818394248066,3.1830966790595e-05,0.0,0.013460063578945934,0.0
GM0267,Nijkerk,0.00020932147718791757,5.830888771445984e-06,0.0007785593327241037,0.0002615605359813625,8.406732869283152e-05,0.0007093697365758628,0.020271932918979024,0.0016836463789128967,0.0,0.00930825600748613,0.0,0.0023514080964784287,0.002651518230639043,0.001095493241030056,0.000183516527219176,7.17529700995298e-05,2.26099827655068e-05,0.0012817653929108222,0.0
GM0268,Nijmegen,0.0005058264229294524,5.774536056775027e-05,0.003179058094399115,0.00041133518169475026,0.0001958256706145447,0.001524331900736543,0.0003298796925242979,1.991180142503131e-05,0.0,0.0005229250779842364,8.010741398153842e-05,0.004941545286613023,0.0005356491385365024,0.004406961711500811,1.25290092755563e-05,3.33872742521581e-06,0.0011503720696230497,0.005552055908863884,0.0
GM0269,Oldebroek,0.0002206983613656811,3.1420285510221114e-06,0.0004203523062666028,0.00020988160499569973,5.121200811355182e-05,0.000674707029357495,0.02872573037985412,0.0011110914871839052,0.0,0.014466144668581347,0.0,0.0005682780911176367,0.0027491077401265757,0.0005903167039687127,0.00022460072543586102,8.873580936551989e-05,0.0,0.0007635669021198967,0.0
GM0273,Putten,0.00083361882201092,3.224080981569e-06,0.00043044753580199206,0.00021457011994590708,4.232078303664278e-05,0.0006324768403989888,0.04114239172019618,0.0027128187698416866,0.0,0.007345692556411666,0.0,0.0006150681724538388,0.00036194836324273554,0.000605732515622398,0.00016615404449699198,5.78826790083205e-05,2.1196858842662604e-06,0.0007090262919471683,0.0
GM0274,Renkum,1.787254572796382e-05,6.613032721993454e-06,0.000543533380377951,0.0002563999884859109,0.009291712133578092,0.0006279891587446275,0.0013059760229728148,7.655169392194693e-05,0.0,0.0015212283680562163,0.0,0.0007292111343100308,0.002049741601801276,0.0007658193974142978,4.0542276837215904e-05,1.397642224741856e-05,2.82624784568835e-06,0.0008965725221754787,0.0
GM0275,Rheden,4.526634292751799e-05,5.601218630062033e-06,0.0007476927303801879,0.0002358107847947694,5.197001126746535e-05,0.0005293538036348103,0.009005247657468027,9.07930127540379e-05,0.0,0.0036651485636624817,6.641e-05,0.0011541107767940807,0.00013378589116253125,0.0010523433718738061,0.000107043304175951,1.7040999687823973e-05,8.40808734092284e-05,0.0012335977443005837,0.0
GM0277,Rozendaal,1.1151164723745246e-05,2.6681171813732244e-07,3.557785029562574e-05,2.3375209827690893e-05,3.815024947704621e-06,1.6970596797621286e-05,0.0,5.632340849436427e-07,0.0,3.082618161587547e-05,0.0,4.1924747941157976e-05,5.041295911432207e-06,5.012793851915094e-05,2.56633075562603e-07,4.24866822424625e-07,0.0,5.8616495300294515e-05,0.0
GM0279,Scherpenzeel,6.250846250382238e-05,1.328152374502396e-06,0.00017710169058431752,8.9282996358088e-05,1.1857995942192822e-05,7.634057324245717e-05,0.0055715618386879785,0.0012722077681928832,0.0,0.0015911515498923396,0.0,0.00027561587995579437,3.55691696324193e-05,0.0002495300470231012,3.15061658707813e-05,1.1317944850872391e-05,0.0,0.000509739472796079,0.0
GM0281,Tiel,0.00014325845872141285,1.049774114837295e-05,0.0011988946162619723,0.00018439914527851043,0.0012963250929419387,0.0008876275413218842,0.0038165214531996018,0.0004999431587807362,0.0,0.0020513137421548375,3.3103004891683997e-09,0.0014958890922956384,0.002095247408788398,0.0010375023244760843,5.18670059463427e-05,5.2317029564245096e-06,1.97837349198184e-05,0.015046722984758449,0.0
GM0285,Voorst,0.0013342578554168213,2.7430989376067638e-05,0.0004341739445692695,0.0002448974349125172,4.1507460413161366e-05,0.0008691799789432606,0.05853835992692822,0.005236638132358907,0.0,0.015725135512130863,0.0,0.0006377029130840543,0.024585791012431944,0.0006117358024484549,0.000371543419703852,0.00011606113516157669,0.0,0.0007541563839516917,0.0
GM0289,Wageningen,0.0003740825620053054,5.371456966553596e-06,0.0007167881128035007,0.00011466425410060804,3.43994444398006e-05,0.0002187776408888215,0.0023012348214174775,6.180521887239012e-05,0.0,0.002146408922821724,3.4786106749225963e-06,0.0009806972588068683,0.00012216550840631784,0.0010091763077627722,4.7730387197215004e-05,1.641945665252073e-05,2.82624784568835e-06,0.001181044188340547,0.0
GM0293,Westervoort,1.101072213492938e-06,1.8671856876591017e-06,0.0002489787679995381,7.780571872719354e-05,1.1017598947783683e-05,7.711301426093291e-05,2.8712803755868396e-05,8.079037654608942e-06,0.0,0.0004041118912139116,0.0,0.00031191969482873526,3.9992444654326515e-05,0.00035080231860971326,1.24527395473028e-05,2.5629250689288823e-09,0.0,0.0006289346335440791,0.0
GM0294,Winterswijk,0.00016569866560536833,3.78608873479646e-06,0.0005017969827743594,0.00019094149694187228,5.15492662135057e-05,0.00022671180162797024,0.04265862751329032,0.0029127148612801907,0.0,0.01407304316906903,0.0,0.0009228260630088381,0.001568438434197214,0.0007070142825549316,0.00033118869524056,0.0001733275560042059,1.69574870741301e-05,0.0008271390923594386,0.0
GM0296,Wijchen,0.0002584407910101751,5.377717791176333e-06,0.0007164260407162833,0.00025303006753108506,8.255273959416491e-05,0.0006953641011423928,0.01704480805684259,0.003638301289273697,0.0,0.0056778258144056645,3.611236897274608e-09,0.001220443036475929,0.0003407113523956591,0.0010094190690031646,0.00012315211584149201,7.252804551820461e-05,8.69071212549167e-05,0.0012177542266690665,0.0
GM0297,Zaltbommel,0.018043325749206834,4.08862253846348e-06,0.0005443234480889361,0.00024532831518816713,7.678818354070311e-05,0.0009256312564168916,0.021151909471553865,0.0009611011822773307,0.0,0.008132044378311077,8.86825e-06,0.002058523191624571,0.0027950172773214916,0.0007473826950067268,0.00020663530839086,4.733754636972909e-05,4.73396514152798e-05,0.026977609803380542,0.0
GM0299,Zevenaar,0.00020882411221685002,5.724339049299887e-06,0.0007633085951366538,0.0003118984733839594,7.57893370101434e-05,0.0008150279883629652,0.03056894958943497,0.004187172388748569,0.0,0.009734642360300775,0.0,0.001777724710569562,0.00013845529597529598,0.0010754749376427081,0.000253648542282528,4.7885589463636505e-05,5.0165899260968206e-05,0.08086943926985929,0.0
GM0301,Zutphen,0.0005374460903971724,6.24990580859799e-06,0.002449409791611143,0.00021104996588656538,0.0027018910112540386,0.0003582322290936835,0.009065391916617437,0.0009232686619898345,0.0,0.002772056981302094,0.0,0.001282749967276088,0.00525561852553103,0.001170745186956428,7.01710424689511e-05,2.246927408604871e-05,0.0,0.0016614171520092688,0.0
GM0302,Nunspeet,0.00043449319158215996,3.7187088350309417e-06,0.0004958690238547086,0.0002037652418409327,0.00011337852039735522,0.0007772257261556119,0.02018338545775997,0.0008446827444673393,0.0,0.005042472710053898,0.0,0.0007338535334588559,9.415588800112362e-05,0.0006986619971357952,8.87496267042474e-05,3.92581001127836e-05,0.0,0.0008175980095684641,0.0
GM0303,Dronten,0.00048514271455162613,7.307499024295546e-06,0.0007461409339986011,0.00034349731664609715,7.722677069844641e-05,0.001031712425878098,0.04711743271004081,0.00681948688125562,0.0,0.04015733088632802,0.0,0.0014424726325957366,0.0038248285082319675,0.0010482746752438126,0.000689638683588526,1.043562280216571e-05,7.77218157564296e-06,0.0019970113178824477,0.0
GM0307,Amersfoort,5.713082524658578e-05,0.00011124678880420102,0.0027654892766414323,0.00037440637854915505,0.00012774051411903488,0.0024182915894146104,0.00974629536668338,0.0009563838562541557,0.0,0.004147384713889142,0.0006809130188430762,0.00466449539181318,0.06007715145723652,0.0038949712133422077,7.00853296165823e-05,3.52621818697881e-05,0.000823107776267659,0.004686586068588799,0.0
GM0308,Baarn,1.379724562903473e-05,3.207386605756362e-06,0.0004276870644829169,0.00010741747403302859,2.664400324932767e-05,0.0005576590103820269,0.004606293203646353,1.801993166070842e-05,0.0,0.0022469320186190274,0.0,0.0007154140492874035,7.192336294902368e-05,0.0006025960167827159,3.515325067040961e-05,9.38540370065681e-06,0.0,0.0007052581330146454,0.0
GM0310,De Bilt,8.363624494249196e-05,9.487536675562758e-05,0.0007649547860207432,0.0002498211391036497,3.7479980405336096e-05,0.0008714039749885594,0.013778129206003936,0.00038526925634951175,0.0,0.005329999185793177,0.0,0.0011344645357046325,0.0014448456043042773,0.00107779436264289,0.00010772227940083601,2.6856638952848552e-05,0.0002743853054984871,0.001261196221815626,0.0
GM0312,Bunnik,5.63906497233978e-05,2.124843516951277e-06,0.00028035777775862667,0.00012218431407691032,2.1568335983038148e-05,0.0006402428726120267,0.01660444000160658,0.00039768525549959256,0.0,0.0046736760883713474,0.0,0.00044535838977952677,0.0005462215860212655,0.00039501423863650634,0.00012337080352341301,3.81263166365243e-05,1.41312392284417e-06,0.00046223287667557147,0.0
GM0313,Bunschoten,3.614336274092298e-05,2.9788364196655945e-06,0.00039721117548320654,0.00010911939815656063,6.806742694453352e-05,0.00012203742517895019,0.017187260704300076,0.0008572217833836209,0.0,0.009351646220551822,0.0,0.0006600756987720172,0.0001625804975521484,0.0005596565621107813,0.000112942691938479,3.11159761312943e-05,1.41312392284417e-06,0.0006548942883387854,0.0
GM0317,Eemnes,1.5464717341608504e-05,1.3554183566666635e-06,0.0001807374568031917,6.492937359469038e-05,1.425314109426536e-05,0.0006555979596885322,0.006790896966803937,0.00016414493354504164,0.0,0.007945867876642669,0.0,0.00025927944241475214,3.3295734445019394e-05,0.00025465271362536417,0.0001027316562046,2.9158285269029787e-05,3.5328098071104298e-06,0.00029811599747640416,0.0
GM0321,Houten,0.0049133202012773035,6.52786563767853e-06,0.0008681480332568159,0.00017533299237777744,4.307657420851313e-05,0.0006135545295120646,0.014471469287740287,0.0008600324541434932,0.0,0.005453163839726221,6.018728162124384e-10,0.0014470227637824805,0.0017100146081645792,0.001223190014995653,0.000149903045281348,5.2279658451471304e-05,3.95674698396369e-05,0.0014384927830620288,0.00026870999999999997
GM0327,Leusden,3.467852934107642e-05,4.118190272002813e-06,0.0005491376391152691,0.0001697975065774089,3.720948673000907e-05,0.0004560163071778915,0.01551346232294992,0.000279027616693748,0.0,0.004699612957350998,0.0,0.0007988018059338752,0.0001243681329192295,0.0007737156006726581,9.62616647148146e-05,3.85611487961464e-05,0.0,0.0009055613691084455,0.0
GM0331,Lopik,7.070395702685625e-05,2.061762247623584e-06,0.0002749244639748975,0.00012797119651502306,2.079303917321352e-05,0.0002836830686466958,0.04268810669434673,0.0018712552145256274,0.0,0.019218462296912413,5.115918937805704e-09,0.0004419624297715316,0.000506633469525383,0.00038735889079949794,0.000301536142565492,0.00010434908803507971,6.359057652798779e-06,0.0004953990053795897,0.0
GM0335,Montfoort,4.529657369283014e-05,1.8007075937820904e-06,0.00023949390115012684,0.00010608189156624949,3.048131382373138e-05,0.00014351346673089724,0.024440029307481966,0.002528263960650682,0.0,0.008127410425582241,0.0,0.0003833813558163975,0.0004056695417948218,0.0003374384751414054,0.00015660150793365103,4.9091573403585e-05,1.41312392284417e-06,0.0003949054079255707,0.0
GM0339,Renswoude,0.00017882461286642637,7.683598000926521e-07,0.00010245648179066759,4.832695358120334e-05,9.915675200561697e-06,0.0001671795972588734,0.015021417405744713,0.0005800656099543946,0.0,0.002627197599031429,0.0,0.00017474366850325621,3.2414599686642946e-05,0.0001443575757786173,5.31511726068749e-05,1.661649823120781e-05,0.0,0.0001688948826984595,0.0
GM0340,Rhenen,0.00010961816648385252,2.712163226058327e-06,0.00035700273057961263,0.00015298457766340506,1.6139693431999287e-05,0.0002455218355194511,0.012094128177882293,0.0007269018899598419,0.0,0.0037869302328405853,0.0,0.0005081143060926307,0.001073764089659039,0.0005030042788128813,5.64539024673388e-05,2.693409543053987e-05,2.1196858842662604e-06,0.0005884860546223121,0.0
GM0342,Soest,1.5624150356722042e-05,2.3917126065541352e-05,0.0008110874770432856,0.00022416753926342666,4.531828380002241e-05,0.00038280043379188965,0.0033957363507934853,0.0001238989267223155,0.0,0.0023653143294669336,0.0,0.0011822549144428715,0.009737571051494842,0.0011420407920902029,3.67356868660989e-05,1.5853919612717606e-05,1.41312392284417e-05,0.001917766921173983,0.0
GM0344,Utrecht,0.0008403498033507853,5.4162611774944994e-05,0.009524284822962813,0.00048540855838404473,0.00040628308204569686,0.00455739579290625,0.0045513946292348164,7.930584344319198e-05,0.0,0.0033680630152071373,0.006196035833710692,0.027514406392576636,0.013984511301943496,0.008978543779145363,9.21546818403875e-05,4.14571291934683e-05,0.000458558712962934,0.01572968847486983,0.0
GM0345,Veenendaal,1.7279320997950797e-05,8.575120064477557e-06,0.0011489907550775648,0.0001875159698329432,8.575948966603236e-05,0.0003794289020412109,0.0008108933054368385,7.518846572637407e-06,0.0,0.0004712283905109512,0.0,0.001938366156642453,0.00020647506368782372,0.0016094761719398333,7.755347339955191e-06,4.83819257073267e-06,0.00014555176405295,0.0018827092392847923,0.0
GM0351,Woudenberg,0.00012532750035181155,1.8675295854852863e-06,0.0002477334776285415,9.209406408283893e-05,1.4188532573741804e-05,0.00029838698375908617,0.019566821419704315,0.0012717292336937593,0.0,0.0038894920975555544,0.0,0.00035029160477238524,0.0011861205138139755,0.0003490477483184473,7.92448314768842e-05,3.59987612159012e-05,0.0,0.0004083346256429283,0.0
GM0352,Wijk bij Duurstede,5.675148505447344e-05,3.12371430420458e-06,0.00041285453918336765,0.00012220303346178378,9.252993796916324e-06,0.00014438389647067774,0.016878466991698992,0.0009333551969841231,0.0,0.0054956860721243105,0.0,0.001584027322997985,0.000797849062853115,0.0005816975108268642,0.000149465798880672,4.85144557297347e-05,1.55443631512859e-05,0.0006830811967102835,0.0
GM0353,IJsselstein,2.6829779582751262e-05,1.3833093374582322e-05,0.0005601500152627996,8.825455558578368e-05,2.1444521530540478e-05,0.0001872033475828928,0.007651992529581319,0.00018413394784952338,0.0,0.002536290730564148,0.0,0.0009349317005200484,0.003181243511848665,0.0007881022888684377,6.71520242218375e-05,1.640801361237131e-05,3.03821643411497e-05,0.0009227775196571401,0.0
GM0355,Zeist,1.3762329125788914e-05,8.64887427951139e-06,0.0011541518348611847,0.0002502524049573565,4.821041560905843e-05,0.000827366104183452,0.0026577738056699288,1.3271752394792044e-05,0.0,0.0008384193204921467,0.0,0.001703079176229516,0.0017282897838361835,0.001617877313751266,1.73933472796769e-05,6.918096646274931e-06,1.13049913827534e-05,0.001892758685022622,0.0
GM0356,Nieuwegein,0.00032279362056253613,8.530900609022667e-06,0.0011310881635776295,0.00012759082512650587,0.00010699308680160895,0.0012710235529086377,9.411426391280823e-05,6.660662727001031e-06,0.0,0.00029967027130728993,2.0336493176470565e-05,0.0020802497769052022,0.0011698420559701917,0.0015907904994926208,6.432024094272511e-06,5.17664414212122e-06,0.0,0.0018683587842311454,0.0
GM0358,Aalsmeer,0.006591812537648467,4.245575921536059e-06,0.0005661238029934715,0.00020105624103166554,4.4358932305238854e-05,0.00044925768253792066,0.00010418021981326126,3.374325512097574e-05,0.0,0.0006309364791855947,4.814982529699497e-09,0.0009934115309449382,0.00012796462146744112,0.0007976485075652196,1.26993569450541e-05,8.390560571983651e-06,4.239371768532521e-06,0.0009330647746099763,0.0
GM0361,Alkmaar,0.0003198964060425311,2.1258608100875778e-05,0.01537978989462672,0.00035542398375297156,0.00010449119472457628,0.0011916892289134376,0.03131793174484243,0.0025135095462591357,0.0,0.021133289937052793,0.0,0.0031432213656702674,0.01852186350495763,0.002688962326351755,0.000348612124664035,4.5803403974682504e-05,7.842837771785171e-05,0.003310655846305729,0.0
GM0362,Amstelveen,0.003236496692179915,1.5922390854815287e-05,0.0016438910486838135,0.0001852544688355562,8.225075992933702e-05,0.0009755731811252679,0.004145911247783034,5.388429225970117e-05,0.0,0.0040261321433164654,0.0,0.0027120319421980684,0.003343944043714751,0.0023154317049992506,5.80425990665007e-05,1.691621877887506e-05,2.11968588426626e-05,0.0027082752716528734,0.0
GM0363,Amsterdam,0.0005243349264305479,0.00012420120320573455,0.031073687615621026,0.0008134104952763637,0.0012272562908477813,0.006649181424211782,0.014550103229821428,0.0004723604410102288,0.0,0.015398450864051989,0.0016194604557772383,0.030983747274448054,0.033660542950912475,0.022361887615547006,0.00018819902495173402,5.974811731977401e-05,0.012440469257650412,0.03145090791308646,0.0
GM0373,Bergen (NH),5.759875846770144e-05,4.035910279497191e-06,0.0005908769430204798,0.0002716912815842146,2.3385480565863925e-05,0.0002660802667457622,0.009564579014627605,0.0003338353799291082,0.0,0.006855910626421104,0.0,0.0008539074421903244,9.585337289259543e-05,0.0007462826178460495,0.000169246222621481,4.31051494782949e-05,0.0,0.0008734451737366416,0.0
GM0375,Beverwijk,5.795124486696837e-05,8.888495092169472e-05,0.000727484917783977,8.729770447523395e-05,0.0033922412654638413,0.0003923720908708313,5.520570521161518e-05,3.505909197775835e-05,0.0,0.0004492983463498198,0.0,0.001337829245697358,0.004910636075991865,0.0010238712753583518,9.80184893230287e-06,1.777529497545405e-06,6.359057652798779e-06,0.0011977643593863697,0.0
GM0376,Blaricum,2.0302562464386735e-06,1.5455084425251682e-06,0.00020405863161243227,0.00010455909954335418,1.0904581050768897e-05,0.0002454074243648626,9.57570152846139e-05,5.850787491799677e-06,0.0,0.0002837571035046759,0.0,0.00028674664356906034,0.0008749480152753391,0.0002875114278905071,8.74463400965186e-06,2.647837856812317e-06,0.0,0.00033634267202855574,0.0
GM0377,Bloemendaal,2.398099010322709e-05,3.127377668251887e-06,0.0004175526898473007,0.00015913561460903627,7.287533317124499e-06,0.00011831366574564191,0.0005933365083015867,4.684327294525998e-05,0.0,0.0007417372084342751,0.0,0.0005354669298781876,6.842438295482118e-05,0.0005875641316458604,1.31332434842508e-05,1.8421365149890152e-06,0.0,0.0006873709848804246,0.0
GM0383,Castricum,0.00012787389493328644,4.887545734900852e-06,0.0006253881243925615,0.00022186633090778607,2.994725509597541e-05,0.00041891111466195094,0.008519729413586991,0.0006950298708661263,0.0,0.005149776047025752,0.0,0.0012747591315823126,0.00010419426319410246,0.0008807403980278577,8.97720630835444e-05,2.392882334571674e-05,2.82624784568835e-06,0.001030816976567337,0.0
GM0384,Diemen,1.8826667449762803e-06,4.162747578295234e-06,0.009611640927070461,4.863893945127605e-05,3.219875224544441e-05,0.0006782189285237345,0.00015788064910671188,7.89420835560846e-07,0.0,0.0003787582462013476,0.0,0.0011607850716229186,7.71407740560296e-05,0.0007820869193163767,2.97139295661149e-06,1.875135785247673e-06,4.94593372995461e-06,0.0009197949511376488,0.0
GM0385,Edam-Volendam,4.202181100862225e-05,4.722627935033445e-06,0.0006297360207698335,0.000182184146648429,5.895844069315567e-05,0.0002826696464036673,0.017873370783401777,9.642162668593945e-05,0.0,0.017399085036567754,0.0,0.0009666597854746991,0.00032127304072180165,0.0008872758828918371,0.000201117077645557,7.079897306370959e-05,1.41312392284417e-06,0.0010383282357443908,0.0
GM0388,Enkhuizen,0.0001253165890100804,2.4471205358816773e-06,0.0003263098363473684,8.36588641873034e-05,2.323455642691749e-05,0.00012721512787470263,0.0011676438363896788,7.467255736139036e-05,0.0,0.0009886336422335544,0.0,0.0004793366422262555,7.617407340495839e-05,0.0004597590714081497,1.73757674319078e-05,2.745473228774667e-07,0.0,0.0005406491144366555,0.0
GM0392,Haarlem,0.00011393556496467937,3.3368243993557044e-05,0.0028666319093284087,0.00023807761667600532,9.606659466634272e-05,0.0005792795836335293,0.0004432685677937903,6.14931272460186e-06,0.0,0.0010373730534895067,0.0,0.004346304522644102,0.03252736580677267,0.004038230530053102,1.7453484517685e-05,3.17253621941107e-06,0.00012223521932602102,0.004923550253110469,0.0
GM0394,Haarlemmermeer,0.005680960191277102,2.1178347108752304e-05,0.00281264569024438,0.0006204285971799668,0.00029385703075366515,0.010910957096293632,0.0073210377294484,0.001517161836687728,0.0,0.01752410767339289,8.125283018867924e-09,0.006739380200912918,0.010976777379302274,0.0039561425834788826,0.000294687776397761,5.03921067692176e-05,0.000693137284155068,0.005085473631001333,0.0
GM0396,Heemskerk,0.001128943835469985,5.3611984189026495e-06,0.0006813930431586076,0.0001013363291222668,1.900436221229043e-05,0.0002791863701099323,0.0010015202592750705,4.320349587502167e-05,0.0,0.0006974575300008509,0.0,0.0016537813672549168,0.00014537252298848794,0.0009585529926813205,1.36649165469958e-05,4.97826811727213e-06,0.0,0.001121292017503829,0.0
GM0397,Heemstede,4.7502084645965333e-05,3.429652667098471e-06,0.00045507016001005254,9.78936663210221e-05,1.1224325643522733e-05,0.0001390647555560031,0.0002141475074374194,7.1193050751953585e-06,0.0,0.0003174688513823858,0.0,0.0006159861721503055,0.0006915342137511822,0.0006411778343361254,4.57729567260588e-06,4.48991291197177e-07,9.18530549848714e-06,0.0007501529568384194,0.0
GM0399,Heiloo,0.0004208040691651796,4.657056152021629e-06,0.00042931707268146563,0.0001507874607649528,1.4162993807138352e-05,0.00028900026729001833,0.004261490507710911,4.2822689911335984e-05,0.0,0.001712679043833901,0.0,0.0005595615838096141,0.0012350637517186105,0.0006048926409486953,3.834148171193181e-05,8.02074722077409e-06,1.41312392284417e-06,0.0007079668690132744,0.0
GM0400,Den Helder,2.4083812184893893e-05,9.726576372010379e-06,0.0009730137863560559,0.00021464914519399607,3.611286901915286e-05,0.0003125788145436246,0.00022220192414055734,0.0005134349685310178,0.0,0.0027993795602027326,0.0,0.0014057974374020637,0.002361193839790244,0.0013709421692276748,2.3102769278941502e-05,4.01735416848399e-06,1.41312392284417e-05,0.0016957684560603178,0.0
GM0402,Hilversum,1.5977434268398575e-05,1.2216247168728335e-05,0.0016240600117119592,0.00020806697442355443,0.00013290383608681713,0.0006794998351817731,0.0017632176994477708,8.095484420933938e-05,0.0,0.001201342772612398,1.8958993710691807e-08,0.0031187854032452555,0.001627765430250348,0.0022882433801380575,1.70360944774526e-05,4.06629815495057e-06,2.61427925726172e-05,0.0026786400297482034,0.0
GM0405,Hoorn,0.0004548456804326601,9.535451328281418e-06,0.0012779115375591754,0.00024785006795178594,8.164731175031568e-05,0.00037797198440069855,3.062881348829708e-05,1.150006690720559e-05,0.0,0.0003487231526036574,0.0,0.001916659655540062,0.00027111566302680663,0.0017914974697267059,5.33118730270001e-06,7.97080216481312e-07,3.03821643411497e-05,0.0021519198943992838,0.0
GM0406,Huizen,2.223623717965491e-06,5.414544969035259e-06,0.0007186285006662734,0.00013166786912671848,1.7820262301150322e-05,0.00028236258313790426,4.4214879745813504e-05,1.122977969158755e-05,0.0,8.309105459255546e-05,7.816381700726539e-05,0.0010497353398199098,0.0012271083656763971,0.0010125222575332962,6.47434289547813e-07,1.110277439124958e-06,0.000113049913827534,0.0011852948803845126,0.0
GM0415,Landsmeer,1.107304591160315e-05,1.6243099186944061e-06,0.00021659264264872586,6.874622582297174e-05,6.489389911728158e-06,5.223415636839482e-05,0.005589402160367589,1.2420214203317494e-05,0.0,0.007090551212449192,0.0,0.00028103632044407397,3.669095568382658e-05,0.0003051714081705115,6.416827099772419e-05,2.29256952182625e-05,0.0,0.0003571151521438795,0.0
GM0417,Laren,2.5274764681374465e-06,1.4883990635985686e-06,0.0001995384296487298,9.861404146675336e-05,1.164477297015926e-05,0.0004516473374839839,0.0,2.6318411678797893e-06,0.0,3.675547448824056e-05,0.0,0.00030099258974323204,3.106763924406558e-05,0.0002796368063325859,4.65554272709615e-07,7.54428530584076e-08,0.0,0.0003271256284002197,0.0
GM0420,Medemblik,0.015434705756767114,6.20128846117584e-06,0.000792301488025296,0.00046247663388604616,7.778701866167775e-05,0.0008053398028259438,0.03181583596816335,0.00163743625133213,0.0,0.016131273982588377,0.0,0.0023879952747154756,0.005958693772779222,0.001115571994940003,0.000327307020527065,1.454066275987123e-05,1.41312392284417e-06,0.0013786532148420208,0.0
GM0431,Oostzaan,3.383327225177642e-06,1.6242288181687344e-06,0.00021658182834723513,6.213827382723735e-05,1.286903976872933e-05,0.0003328976630837866,0.001113501973789978,1.001742015239032e-05,0.0,0.00251466578645554,0.0,0.00032025337996782565,3.732339850676367e-05,0.00030515617120043735,2.55880288466795e-05,3.9471740986641e-06,2.1196858842662604e-06,0.0003569815658086013,0.0
GM0432,Opmeer,0.002961545311472312,1.5871071897021426e-06,0.0002137693455324986,0.00011987546698900747,1.917800688458027e-05,0.00012438409416643778,0.0210455806032718,0.00043083488281569024,0.0,0.006801364583003456,4.213109713487052e-09,0.00031196385882609825,0.00031627575580136293,0.0002981818496732755,0.00015184118612972098,1.3269220637553191e-05,0.0,0.00034888610560295983,0.0
GM0437,Ouder-Amstel,4.831831911803861e-05,1.981529199742489e-06,0.00026422583579543285,6.969226431269212e-05,3.6032570113717584e-05,0.001035693991753495,0.007694952476568559,5.679623980043245e-06,0.0,0.006987087497027251,0.0,0.0006543452541957597,5.392668167146107e-05,0.00037228490034860786,6.45506184136876e-05,2.654484635499679e-05,1.41312392284417e-06,0.00043597869957545784,0.0
GM0439,Purmerend,0.0005690080860482722,1.2310280366684132e-05,0.0021299611821807094,0.00023604344207461502,6.40446976016456e-05,0.0010411508570880462,0.03425142888702693,0.000987113547477204,0.0,0.015201988998803692,0.0,0.002243611392994762,0.006108217254948029,0.0022860881421552285,0.000302565473853105,7.521733997485009e-05,9.89186745990922e-06,0.0026755018320295102,0.0
GM0441,Schagen,0.004738244538597909,6.252943880870434e-06,0.0008216667123320693,0.00038965622697221636,7.503787285660804e-05,0.0005560182790541121,0.03185240446475165,0.0030927489317750956,0.0,0.020986036838957074,1.5046820405310959e-09,0.001310124308722764,0.006060210677609466,0.0011576994702256892,0.000385200139286925,7.60614001459935e-05,1.97837349198184e-05,0.0013551719054970333,0.0
GM0448,Texel,8.735105139029723e-05,1.802852224779531e-06,0.00023787179985026243,0.00013323088901535346,3.9648452539036535e-05,0.00011930818445904026,0.02384392925084817,0.0014880667762042204,0.0,0.013814468537049917,0.0,0.000434017098281581,0.0015734394359453595,0.000332894267324582,0.000287545124490183,8.88702469169856e-05,0.0,0.0003903395208706775,0.0
GM0450,Uitgeest,2.4648615504603325e-05,1.876930281146343e-06,0.0002508125247166989,7.162530988311519e-05,1.370115740172226e-05,0.0003587859864042018,0.00693896523088927,0.0003078847023350882,0.0,0.0038405586422988833,0.0,0.0003560084738068026,5.27624088028607e-05,0.00035263310920104397,6.60945133305298e-05,1.706871011408135e-05,0.0,0.0004129439416500759,0.0
GM0451,Uithoorn,0.00929828234026311,4.016856252226254e-06,0.0005310799902237142,0.00011513706806395328,5.320418461630251e-05,0.00018614768337739033,0.001160352510076321,0.00011481685235856216,0.0,0.001835284810763093,6.323892550663871e-06,0.0007852866401140967,0.0009621912744083157,0.0007482730091187884,2.23829514124696e-05,9.7243698701196e-06,4.94593372995461e-06,0.0008753875909429265,0.0
GM0453,Velsen,1.3930937555655497e-05,1.1690539389517817e-05,0.008160574614148292,0.00019078184133909266,0.006388324962024595,0.0009211867022753167,0.0008583530117229123,7.273748528655618e-06,0.0,0.0007904019976809184,3.910071702913921e-05,0.005137896175752411,0.0022929432889634196,0.0016750283197166245,1.90155329172344e-05,4.23379586464206e-06,6.35905765279878e-05,0.0021437891586505277,0.0
GM0473,Zandvoort,1.1295334477148316e-05,2.272686491787309e-06,0.000303050032203174,6.138269335466905e-05,1.0587650047986333e-05,3.928538576993541e-05,1.49157422108408e-06,1.916560478138741e-08,0.0,4.4308165551505417e-05,0.0,0.0004033099515654892,4.764956250045704e-05,0.0004269868262494531,9.497757739663471e-10,0.0,0.0,0.0004995307674959589,0.0
GM0479,Zaanstad,0.0010415782311471065,0.00016989047419071788,0.0026966911660506773,0.0004614869356163405,0.00030033053159592317,0.0013794461041809504,0.01247586512520352,6.82681096073344e-05,0.0,0.013096237933002148,0.000336504859052366,0.05124425787930768,0.16767471256852612,0.0037993381877723742,0.000133483324781068,4.31132951869199e-05,0.000655689500199697,0.005120406058687842,0.0
GM0482,Alblasserdam,1.8277956728476037e-06,2.5934009891754295e-06,0.0003491586793251198,6.029907790510698e-05,2.3431583543818884e-05,0.00029349903606828287,0.0005999016146083435,9.860986712583666e-05,0.0,0.0008949704303044906,0.0,0.000535751868189186,0.0009742016994866176,0.00048555256820551236,1.2667439360206499e-05,2.5189305295385273e-06,0.0,0.0005709786072724439,0.0
GM0484,Alphen aan den Rijn,0.0006631050966525782,1.4781307748072465e-05,0.0024342398823767276,0.0004422115815665037,0.00014997338086764517,0.0011305184394414967,0.04066895630584268,0.0012813256863204508,0.0,0.022750411612953377,0.0032844265434736745,0.0033307994943995896,0.007448439263549482,0.002768393601985508,0.00032594052224829104,0.00011809028477342511,0.002819793882342545,0.003622365508918293,0.0
GM0489,Barendrecht,0.0016871926645700252,6.4229993723009025e-06,0.0008621324845920441,0.0001365239875361922,4.725798553625056e-05,0.0011741495522884142,3.172452450266028e-05,1.439515965386053e-05,0.0,0.00045880741550920125,0.00032042965592615264,0.002034189357584112,0.0012815955427870488,0.0012053029679063077,4.35917939177903e-06,0.0,0.0003358489376434888,0.0014155656835369078,0.0
GM0498,Drechterland,0.002627448774043558,2.7841773150582042e-06,0.00037125447264139977,0.0002140639949704512,1.874094982391367e-05,0.00023639541756981114,0.018254046984751533,0.0008681367264819104,0.0,0.008162624623177787,0.0,0.0005239567024018715,8.79138742683453e-05,0.0005230844816336778,0.00017906732611400203,1.117593032181781e-05,0.0,0.0006126989020727252,0.0
GM0502,Capelle aan den IJssel,0.00011161958336432296,1.6707075065111002e-05,0.00114360304457291,9.856327707622677e-05,5.537107209467559e-05,0.00048375082790983983,3.8679978256040485e-05,7.318477449189313e-08,0.0,0.0001246557453052703,9.028092243186575e-10,0.001832893110842449,0.00865914274228137,0.0016101340683166404,6.375030028072431e-07,4.228837558269451e-07,0.00020843577861951503,0.0019201598098269675,0.0
GM0503,Delft,0.0004241164198795627,1.3668513923360108e-05,0.0018918207550102624,0.00012072283266189771,0.00019164182915538987,0.000900370318365906,0.0004167030018364548,1.6065993368795621e-06,0.0,0.0005072907448620168,0.0,0.0035471935755821246,0.0002798959845661955,0.002568007246389783,6.86348688348579e-06,1.502968192330401e-06,0.0017423698422216328,0.0030057336142127852,0.0
GM0505,Dordrecht,1.782954856898922e-05,1.5961050751073213e-05,0.012073605363994794,0.00025159260653874325,0.03114465301092669,0.0018854623934418224,0.0009877901748523155,0.0003265370028095726,0.0,0.0038243852064966124,0.08258347731217332,0.004448390261049745,0.005327474728502802,0.002978680038964067,6.95383388443061e-05,4.571518477345689e-09,0.000829503742709531,0.0036491711374724875,0.0
GM0512,Gorinchem,5.622748454063775e-06,4.999577321017129e-06,0.0006666656723712732,0.00011439788777025817,6.840311024047329e-05,0.0009745533733550415,0.0029582489702782676,0.00012287414010527613,0.0,0.0011820215016961767,0.0,0.0010779792730277343,0.0006048028081882803,0.0009393084618596084,2.75365805713554e-05,1.003914102075469e-05,0.000712279743537065,0.0011441693216034852,0.0
GM0513,Gouda,1.0729706561967966e-05,1.0407639485603763e-05,0.0012496291702340416,0.00013855609933815832,5.7494465931522126e-05,0.0002689386171682301,2.6593000483241852e-05,2.6090399925522267e-06,0.0,0.0007029087296014891,0.000368694046,0.0041547332067369686,0.0019892349751099436,0.0017606835066404042,5.263684050298271e-06,2.104572897967677e-06,0.0014062011471066564,0.009979666906756434,0.0
GM0518,'s-Gravenhage,0.0034139682230801,7.326652778236154e-05,0.012533911769852652,0.0006224496539446879,0.00023663918810449207,0.00278935402540313,0.0002578807566359297,2.8605978640623476e-06,0.0,0.000683188174572165,0.0005862302827047344,0.01684878735613514,0.008678312146603898,0.01357771582130498,5.7678808079911605e-06,2.4604968877701963e-06,0.0015629150586656498,0.015881178997166106,0.0
GM0523,Hardinxveld-Giessendam,1.1490707265814312e-05,2.413759036773683e-06,0.0003218612670371888,0.00010866194516909938,3.922739905641217e-05,0.000798513542375127,0.0075577151863631,0.000256492002138466,0.0,0.0038596026493006226,0.0,0.0005927765375629338,0.00041971337998152676,0.00045349119386563664,4.36320221942985e-05,1.4467744608510891e-05,4.94593372995461e-06,0.0005379489732611433,0.0
GM0531,Hendrik-Ido-Ambacht,0.0011906360397922096,4.200990606204103e-06,0.0005601786005663159,7.668192694586744e-05,2.865893769469918e-05,0.00041220440805104857,0.0,7.286717598655828e-06,0.0,0.0002029910111597098,0.0,0.0007713832354119585,9.540914705065503e-05,0.000789271926651081,1.94764460451976e-06,8.16219230389259e-08,1.20115533441754e-05,0.0009663995474766423,0.0
GM0532,Stede Broec,0.0006550389942303823,2.8505253587166428e-06,0.0003801016131686872,0.00014441728194799358,1.0554122701761538e-05,0.00011664837130823948,0.0004771293100755756,0.00012178606952753288,0.0,0.0010309963390520427,0.0,0.0004843818161830185,6.321837810818363e-05,0.0005355497911657892,1.57416196599188e-05,0.0,0.0,0.0006266002003697233,0.0
GM0534,Hillegom,0.0004868890533324473,2.923859315045853e-06,0.0003898802860773623,8.428388815898076e-05,1.857709123688494e-05,0.00010730779568389809,0.00037020739033108874,0.00015310219042586286,0.0,0.0009961663325312908,0.0,0.0017801823751781062,6.228352938700179e-05,0.0005493275970279171,1.27174554576656e-05,9.019154268555331e-07,4.52199655310136e-05,0.0006426956098244962,0.0
GM0537,Katwijk,0.0038454753631946476,8.718476112302819e-06,0.0011342030672092222,0.00014036844953288702,6.754926988784676e-05,0.00027752640564611853,0.00018479440021241253,8.189101781408111e-06,0.0,0.0006108927091641317,0.0,0.0017834149753370243,0.0039431045197137705,0.0015980521911490117,1.79113052955806e-05,8.3361938161163e-06,1.41312392284417e-06,0.0018694223483291337,0.0
GM0542,Krimpen aan den IJssel,1.473006104927281e-06,3.738968062953642e-06,0.0004991048482639092,7.282100697825933e-05,2.340631566529818e-05,0.00012330814608057795,0.0,1.5371397500679997e-07,0.0,0.00015608397684492039,0.0,0.0007716324827886679,0.00010786208270193947,0.0007024682517442679,1.50227817974391e-06,5.03488423907222e-07,8.47874353706505e-06,0.0008964106263582043,0.0
GM0546,Leiden,2.3986445457160617e-05,2.2412816364569496e-05,0.0021898978888214497,0.00014857617315114726,7.832713898112434e-05,0.0011167168896408664,0.0004423591685858601,2.543031487513323e-06,0.0,0.0006987318849997744,2.6e-06,0.0033176438979878333,0.0057757216651605665,0.0030843596661026445,1.26381222847963e-05,2.442220744180337e-06,0.004277065619614221,0.003644435947342698,0.0
GM0547,Leiderdorp,5.198270739555794e-06,3.64668160091608e-06,0.0004862645950446228,5.615861634658713e-05,2.6745744745091377e-05,0.0004371212072837113,0.0019066990465003702,6.325856839284779e-06,0.0,0.0010478227108137808,0.0,0.0006851740637080431,7.808144261268748e-05,0.0006851296950741744,2.72824929602485e-05,5.8070113537352005e-06,3.10887263025718e-05,0.0008014676944033143,0.0
GM0553,Lisse,0.00012404465317761922,2.941143703469365e-06,0.00039048213451402074,7.378952782067284e-05,1.5191527235168712e-05,0.0001242793462386575,0.002342729960069782,0.0003558833243983995,0.0,0.001255583799571027,0.0,0.0005848169757473304,0.001622799162405705,0.0005501755802865997,1.6682718691555003e-05,3.7818671514137e-06,5.15790231838124e-05,0.00064375684322237,0.0
GM0556,Maassluis,0.0004779301386035653,4.501857607143475e-06,0.0006006607883538894,6.307862948156496e-05,3.5351170029805916e-05,8.935865160867439e-05,0.00030083732834667676,2.435572357221439e-06,0.0,0.0002957984562776955,0.0,0.0008569593197377487,8.935236362706804e-05,0.0008457980891105875,6.211582383828659e-06,3.2032744843278e-07,1.6250925112708e-05,0.0009916881859176922,0.0
GM0569,Nieuwkoop,0.006611433854393248,3.834269408757995e-06,0.0005116834401623849,0.00022671157720108214,3.780810005467393e-05,0.00029918163044177055,0.02760065073504379,0.0017499534960558275,0.0,0.016323763050451797,0.0,0.0007174970767954324,0.0009640334806481523,0.0007171794126326218,0.000218372713873665,7.73416350455899e-05,4.239371768532521e-06,0.0008390555477063564,0.0
GM0575,Noordwijk,0.001578788295226832,5.941530266148676e-06,0.0007897013437750829,0.00017990453398729274,4.785257783446943e-05,0.0003447669032520664,0.0010938220347305615,0.0004211459785210514,0.0,0.002673001047306404,0.0,0.001314336393858369,0.0021320377077594403,0.0011115320291995407,3.462148127052311e-05,8.16642742846952e-06,1.13049913827534e-05,0.001663249766017473,0.0
GM0579,Oegstgeest,0.00020839869188526373,3.2947426606882216e-06,0.000439335505812553,6.60354837391021e-05,1.4869751734383353e-05,0.0002719888614745711,0.0005994405109386539,1.1301706180258234e-06,0.0,0.00011251949661272659,0.0,0.0005677526331990708,7.045752926539936e-05,0.0006190082605232485,2.81265053921661e-06,2.0839433421156983e-06,2.82624784568835e-06,0.0007240026739615459,0.0
GM0589,Oudewater,0.00015652098820910032,1.3166991663544936e-06,0.00017557446933730677,6.914933837114898e-05,7.138868041704396e-06,6.367875182774733e-05,0.025913597390952864,0.000778340908692631,0.0,0.014138313085547203,0.0,0.00026584522068881554,0.0003266793015488719,0.00024737824605313894,0.00015413932935760602,5.713417709241549e-05,0.0,0.0002899821995208729,0.0
GM0590,Papendrecht,6.793232513218781e-07,4.111136100307416e-06,0.0005485281410118132,8.51323034599203e-05,2.8703057494137204e-05,0.0005596194143933688,4.797310258731914e-05,9.343268401376274e-07,0.0,0.0005589634530483309,0.0,0.0008141272732427906,0.0009874950952161996,0.0007675339640871693,5.401705466423191e-06,2.3905754499946274e-06,9.89186745990922e-06,0.000903348193011398,0.0
GM0597,Ridderkerk,0.0073630072224038405,6.28714676098193e-06,0.000833367214675705,0.00013450565931999653,8.398219147289521e-05,0.0014170812354157216,5.297525044721145e-05,3.6728582468427086e-05,0.0,0.0004969037699359728,0.0,0.002435847454021316,0.0017179203281997846,0.0011741850661020944,8.47957507145216e-06,1.123436293365159e-07,1.41312392284417e-06,0.0013802599630160215,0.0
GM0599,Rotterdam,0.01357370075929169,0.00010287292360711672,0.040623749386768146,0.0008437185039118496,0.0024800466491960572,0.008884754722451675,0.0017886662356478163,7.727062340763092e-05,0.0,0.0034865796510435035,0.09368902153285633,0.04432258106549822,0.020614360014298987,0.016120798960746033,5.3463701469668606e-05,3.78410177874331e-06,0.006042082723634644,0.0392901328834227,0.0
GM0603,Rijswijk,0.0004978876784551564,7.787640218721674e-06,0.0010384382657259198,7.748469616088652e-05,4.4692606120363486e-05,0.0006266819090566277,1.1661198208406069e-05,2.554048093980895e-07,0.0,0.00010595017979727642,0.0,0.0016841833329777293,0.00016135128801807717,0.0014631229573373841,7.22991773785824e-07,5.223738108039151e-07,0.000113049913827534,0.001711344858322505,0.0
GM0606,Schiedam,1.1713513983473523e-06,1.0429557918094004e-05,0.0014249931336240257,9.878335940933893e-05,8.352502139320009e-05,0.0010911596528259794,0.00045086732371961213,1.8081792715665517e-06,0.0,0.0004989630888365858,0.0,0.0023790570266035427,0.00025308131081646566,0.001959480047390801,5.9958553893090005e-06,2.0280362458946523e-06,4.80462133767019e-05,0.0023499937709279307,0.0
GM0610,Sliedrecht,4.100953270470545e-06,3.33390868536198e-06,0.00044455807614134557,8.108761834891575e-05,3.889482332251542e-05,0.0005230212092505859,0.0017350324184119063,6.774368524689253e-06,0.0,0.003134169824913282,0.0,0.0008042315349092923,0.0012413322120830308,0.0006263666782516439,2.8602094844812303e-05,1.0678307522841971e-05,0.0,0.0008270855157461443,0.0
GM0613,Albrandswaard,0.0009478564726302471,3.3935579938702882e-06,0.000452511977803391,0.00015751215315932488,1.977800049429691e-05,0.00018194359649066112,0.00046498418936318306,0.00012550731731902326,0.0,0.0012509008795302814,1.3843074772886071e-08,0.0055510680379431895,0.0001442658583342687,0.0006375734456698406,2.3783936734496603e-05,8.326495069124721e-07,0.0,0.0007525424429828189,0.0
GM0622,Vlaardingen,1.927218133916549e-06,1.2510662695844632e-05,0.001289227302862716,9.60046468098347e-05,8.514326138804303e-05,0.0004725731625039236,0.00016649218320239666,9.156969958280808e-07,0.0,0.0008363434301868048,0.0026034909544,0.0019305101024215923,0.0059961162372571715,0.0018133026288971066,7.40250174579666e-06,4.63084887909227e-06,0.002250341850225416,0.0021262205058176433,0.0
GM0626,Voorschoten,0.00033003012032842646,3.186436259160666e-06,0.000424893452942812,6.511716645197696e-05,7.882135368719365e-06,9.558902438126099e-05,0.0014976459891126643,5.642218334582014e-06,0.0,0.001567799520801714,0.0,0.0005458254832305893,0.0010807340590029454,0.0005986599164740935,1.8616685756670703e-05,7.1223377790426705e-06,1.41312392284417e-05,0.0007006341208245059,0.0
GM0627,Waddinxveen,0.006923223298176966,4.471631824814659e-06,0.0006428938263999674,0.00011363963899815829,6.328575120531811e-05,0.0008102351043969211,0.0004112053930502821,0.0001296373810510351,0.0,0.0027861426092590734,0.0,0.0019880274386521795,0.002716350099592937,0.00083278268556206,3.7022878956872704e-05,1.411079160435897e-05,1.48378011898638e-05,0.000974283218365109,0.0
GM0629,Wassenaar,0.00022867222822993535,3.7690509721297007e-06,0.0005031162359443092,0.00014609473879004782,1.5150592299760674e-05,0.00033613148699527444,0.004357047631782215,1.056577595140736e-05,0.0,0.0029135576275002018,0.0,0.0006482257096713897,7.558320778223534e-05,0.0007081201557617601,4.12933612868339e-05,1.0570817242334629e-05,0.0,0.0008281842398615061,0.0
GM0632,Woerden,0.0069633154747043525,7.029238154446305e-06,0.0009341347153220447,0.0002487021209746919,9.568869206893274e-05,0.0017001281131786684,0.04615715754279076,0.0017308762573225913,0.0,0.024919004118105118,0.0,0.001742272114654882,0.001653069988840511,0.00131616292691032,0.000336823216948752,0.00011131582096886961,9.89186745990922e-06,0.011365498887261512,0.0
GM0637,Zoetermeer,0.001169169881282153,1.662735792125629e-05,0.002171239801817312,0.00020035726303136686,0.00010735476009554792,0.001078541103165519,0.0024627670837262597,1.4906730886842702e-05,0.0,0.0014100992358562396,0.0005471403993862884,0.007328520061761995,0.0005008114203544239,0.0030584475324191866,2.28882654174315e-05,3.33164906755746e-06,0.000298875709681543,0.0036352112060791513,0.0
GM0638,Zoeterwoude,2.3237498985824053e-05,1.1867691410458113e-06,0.00024428254543689006,5.306186080620845e-05,0.00010755609870376952,0.00020137386298545317,0.011175482496875886,0.0005565195812583101,0.0,0.006749700828032284,0.0,0.0003337900413609749,2.7141778048665754e-05,0.00022296730801063172,7.8107392191558e-05,1.699887153045011e-05,1.13049913827534e-05,0.00026088317318474866,0.0
GM0642,Zwijndrecht,0.0013299788081259096,5.832783689961253e-06,0.0007748236041549006,0.00012143784423067905,0.00018293541409661015,0.0004954094363229684,0.0004450906393114756,4.595877152460145e-05,0.0,0.0008430758547599566,0.0,0.0011930372956854786,0.003838765916523441,0.0010912897280144216,1.6623679913326998e-05,3.29639327076736e-06,5.36987090680786e-05,0.0012847001442623188,0.0
GM0654,Borsele,0.00013200587086019115,1.332486833310252e-05,0.000393066458597591,0.0002711977356269242,4.1342588931377324e-05,0.0006255546953479272,0.0053666594609728824,0.002214531977252011,0.0,0.01401631628147551,1.53276e-05,0.014422904733016868,0.05391516960539163,0.0005538168019371031,0.00028683541468963207,3.1717569153079104e-06,1.41312392284417e-06,0.0007287726168574341,0.0
GM0664,Goes,0.00010483845462734277,5.110567018887165e-06,0.0006911520506097384,0.00023624629031707728,6.501478602408077e-05,0.0008199310115492329,0.0024089883181617707,0.0013330438189087792,0.0,0.009330038888056872,0.0,0.0011940033146931209,0.00014681079944870029,0.0009601609371179287,0.000208245824682142,4.54029451517946e-06,9.32661789077155e-05,0.0019042917589888395,0.0
GM0668,West Maas en Waal,0.0008234598612616397,2.5647181173054593e-06,0.0003419908160893056,0.0002283948908583444,3.0346410489938987e-05,0.00037790247376726744,0.025203509431240525,0.007184435862560356,0.0,0.009547626094446373,1.2037456324248767e-09,0.0007169990437592426,0.0003445135855751215,0.00048185301980279305,0.000221593885209857,8.13466255796093e-05,4.94593372995461e-06,0.0006683005060586977,0.0
GM0677,Hulst,0.0001748393900689494,3.520355016101788e-06,0.00046941965152318544,0.00036081522500183775,3.3104637594276645e-05,0.0003069348035940362,0.024133681506925027,0.0038622384312531474,0.0,0.02060200145349934,0.0,0.0007085946625495873,0.00071719848150408,0.0006613957626925168,0.000418659320000635,1.747991267040163e-05,4.239371768532521e-06,0.0008947600634665961,0.0
GM0678,Kapelle,0.0074205420437935075,4.4036378139337635e-06,0.00022491595988617026,0.00014789069031107712,1.6924843713602624e-05,0.0004429756323222361,0.0023322320034137524,0.0002763284357553683,0.0,0.0031568648077368497,0.0,0.0004329298939368184,0.002350717665733095,0.00031689866912886373,6.25499468733699e-05,1.215494302092854e-05,0.0,0.0003782778426610825,0.0
GM0687,Middelburg,0.000248606521567478,6.451103943323255e-06,0.0008617701153466337,0.00022870768624615612,3.98582912845511e-05,0.00041629297688204815,0.004805902666241588,0.0003990319663581591,0.0,0.004264955559311778,3.1925376e-05,0.0012612958107042886,0.000161429204913403,0.001212017763346976,9.619035660380581e-05,9.35290919894918e-06,0.00013565989659304002,0.0014906258398087683,0.0
GM0703,Reimerswaal,0.008726926529822022,1.3344934425234617e-05,0.0003998653699752701,0.00022173418914768226,5.770513097764324e-05,0.0012333842904310964,0.010809028646982606,0.00173227616673147,0.0,0.010051788665209895,0.0,0.002178394956782433,0.009879387965768146,0.0005633962287070064,0.00020925013148144,3.1939003747714402e-06,6.359057652798779e-06,0.0007333015847676216,0.0
GM0715,Terneuzen,0.00041008337696223253,1.248743449441437e-05,0.005873985485199002,0.0004983330671436444,0.0005590135821519693,0.0011201495759589175,0.01498756432995049,0.004508043191266856,0.0,0.024833385174429564,0.09570766863855214,0.0019708865797935845,0.015099593500209646,0.0013282060503828027,0.000534187423657729,2.338296472478339e-05,0.0009245837839553705,0.0017984978220188554,0.0
GM0716,Tholen,0.004423103951582232,3.4218807277337443e-06,0.0004547933851101292,0.00023227147110868222,4.421013517422164e-05,0.00047076629821245355,0.011162270807325448,0.0032976952385434374,0.0,0.01709749992002475,0.0,0.0006742298983527768,0.0008207112695464685,0.0006407878682462207,0.000303247793932666,1.286575724470357e-05,1.27181153055975e-05,0.0009730431490244006,0.0
GM0717,Veere,0.0006893673768490697,2.8431439616937933e-06,0.0003791173451609505,0.0002763523810898501,3.561003264812979e-05,0.00026403925709770774,0.019536038976832645,0.0019260475356368601,0.0,0.013784373629463866,0.0,0.0005341267400364653,7.310501341723813e-05,0.0005341629921948525,0.000299258876025407,3.5532423047832494e-05,0.0,0.0006250860013854309,0.0
GM0718,Vlissingen,8.78641198934024e-06,1.1970210271238894e-05,0.0007798747559406143,0.00014327250790486317,7.179101656989749e-05,0.00041757505151869366,0.002056560756528151,0.00017927696490975986,0.0,0.0019807211526311056,1.008e-05,0.0028927393862198626,0.003349884269348002,0.0010969371740919076,4.167337996878771e-05,1.191700440690225e-06,0.0,0.0012919276681776558,0.0
GM0736,De Ronde Venen,0.0014101017727205184,6.034240289805692e-06,0.0007978531145711493,0.0002946109197505068,5.978423706196686e-05,0.0011960874136958467,0.0463466866720508,0.0012907749609253837,0.0,0.031111391497022623,0.0,0.0012124372511042075,0.0015377078143027326,0.0011233940412935476,0.000347381114516102,0.0001058700201817352,0.0,0.0013556943899071475,0.0
GM0737,Tytsjerksteradiel,0.0002014926970125397,4.92157011374612e-06,0.0006816434195936508,0.00038773733639551374,3.943635773930012e-05,0.000529931771364398,0.06835624923872485,0.0014261669031050534,0.0,0.030096207470852475,0.0,0.0007494833096629232,0.001419026847488633,0.0007840453054527496,0.000472685363375691,0.00019413215730401548,0.0,0.0009197043873203745,0.0
GM0743,Asten,0.015558228942467153,2.2489849298839075e-06,0.00029652138844824547,0.0001460573491071877,4.249364638297747e-05,0.0008120472924482455,0.03991717368907794,0.01539438450974113,0.0,0.007860028752396,0.0,0.002088759914507094,0.0015463582707371485,0.0004177881970450151,0.00010063165632125199,7.653682410689e-05,0.0,0.0004886639697386702,0.0
GM0744,Baarle-Nassau,0.0010252793021348172,8.913444850954076e-07,0.00011885580166398297,8.229482052783372e-05,1.0850987946619511e-05,5.654716484726411e-05,0.04681217702407812,0.016312607506808557,0.0,0.00965347550795208,0.0,0.00019325732018806956,0.0003229203354148879,0.00016746364012861878,9.5218073155087e-05,9.5390078406629e-05,1.41312392284417e-06,0.00019592306670465303,0.0
GM0748,Bergen op Zoom,0.004463323705810957,7.081658699866665e-05,0.0011906553326622219,0.00027673968524816785,6.864128583364917e-05,0.0011119535106775653,0.0052586484786547455,0.0009715799968887503,0.0,0.004052327343395125,0.0005041536162,0.0018894937631953861,0.03635439470849798,0.0016775914457240072,7.68107233993792e-05,3.4884559143291204e-05,2.0490296881240503e-05,0.0019655277518011494,0.0
GM0753,Best,9.51855395603788e-05,4.012933085493994e-06,0.0005778517563024376,0.00015848316610213384,4.729441795076785e-05,0.0007240825093892656,0.006924147226095877,0.0032243835590675396,0.0,0.001927373302990839,0.0,0.0011254039087556338,9.370000614590228e-05,0.0007539401357461235,2.1054795875961003e-05,2.180657145453006e-05,0.00194092570802647,0.0008829497909602724,0.0
GM0755,Boekel,0.0019299428388446004,1.4400621423567793e-06,0.00019202423219957096,0.00012916758997233866,1.4506147674316887e-05,7.299750954467176e-05,0.020396065397501936,0.007800900031179935,0.0,0.004921997474822155,0.0,0.00027556220448928534,4.315771940759047e-05,0.0002705553827986826,3.50021829676008e-05,4.7230855811665004e-05,0.0,0.0003164719419478185,0.0
GM0757,Boxtel,0.0005372316179450651,6.169249136055911e-06,0.0005818453578565816,0.00019695298747827414,7.521134096751688e-05,0.0009670514600564543,0.018303333762692116,0.004745971594357858,0.0,0.005336755632477118,0.0011615575027323064,0.0010759631856358642,0.0014169589100161127,0.0008193901729374531,7.276653038493561e-05,6.157555060100251e-05,0.001005748771266554,0.0011957494367260055,0.0
GM0758,Breda,0.010909729235397219,6.208025110192684e-05,0.003285862642968842,0.00062986876610447,0.00026208504088680757,0.0036109203447326488,0.01161301655103761,0.002081096208425861,0.0,0.00711861335110027,0.01406933027343918,0.009950927991143787,0.030580200563837957,0.0045551268840952714,0.000104034740823421,9.09015049847377e-05,0.00042323061489183,0.0056745685679535805,0.0
GM0762,Deurne,0.005464784734032152,4.256526550339682e-06,0.0005675840080959246,0.00031286288371757114,5.2947131349619935e-05,0.0007285510334898715,0.05145108167754321,0.01570032682991068,0.0,0.01271363161487936,3.0093640810621917e-09,0.0008607240525635592,0.005193981211817718,0.0007997058851468559,9.94804909222545e-05,0.0001264783241270751,2.82624784568835e-06,0.0013537593825528162,0.0
GM0765,Pekela,2.8697868309064634e-05,1.5983610427853509e-06,0.00025146566657699036,0.0001596885503367195,1.7875980233734725e-05,0.0001678728286034735,0.00718950991436649,0.0008587538101372149,0.0,0.005120826998793894,0.0,0.0002787505191263951,0.0028095602149315613,0.0003002961962971678,9.85802120604505e-05,6.60995931852855e-05,0.0,0.005867305176787218,0.0
GM0766,Dongen,0.006860431404470274,3.5040564479312214e-06,0.0004672463286179802,0.0001617636164971628,2.6971199050907003e-05,0.0001652495393126749,0.009531164015235545,0.0017943039153202763,0.0,0.002805224489710823,3.908145709902041e-05,0.0006756625425891402,0.0003389714452162467,0.0006583336272326939,3.2599316917472e-05,3.20308986803189e-05,0.0,0.08117768067343767,0.0
GM0770,Eersel,0.00018278385927956507,2.5811404434542083e-06,0.0003447150111073168,0.00019571902747315227,4.987439347241955e-05,0.0006420326487120428,0.03265174918604894,0.007688294204810027,0.0,0.0070675523743707015,0.0,0.0005508110961754014,0.0013824232091561855,0.0004849384066114134,7.74788370029981e-05,6.91048092954985e-05,3.03821643411497e-05,0.0005672486411700064,0.0
GM0772,Eindhoven,0.00026923861818102843,3.2201407683286393e-05,0.00422574504887249,0.0005636329095513736,0.0003565525697524053,0.004142029015409504,0.0007133828864178977,6.516906048062424e-05,0.0,0.0009067746174143763,0.0006057625850348183,0.009161392912709454,0.015695950802618548,0.0059403736578863735,1.46188813630416e-05,1.5731958000193513e-05,0.0018964123044568802,0.011161548938732613,0.0
GM0777,Etten-Leur,0.0074587841472712095,5.781493639225978e-06,0.000770929840029098,0.00017985540833809555,7.859123498536368e-05,0.0006967797973559365,0.013234985789696155,0.0013855070824279835,0.0,0.005446799946641738,1.2037456324248767e-08,0.0034053235078580052,0.0014756250981992497,0.0010862130033839873,6.841118991966662e-05,4.953820345122161e-05,7.06561961422087e-05,0.04110290255488275,0.0
GM0779,Geertruidenberg,0.0011125063227861234,2.8639647204426356e-06,0.0003893748523870353,0.0001295746455744308,4.949243149754946e-05,0.000688577584824679,0.00871857995483064,0.0015992123110125534,0.0,0.002526366193142855,4.028828368392909e-06,0.0008014994612299315,7.110439181687916e-05,0.0005380747458530887,5.0581042027695007e-05,9.510390174142009e-06,3.95674698396369e-05,0.0007765360476281918,0.0
GM0784,Gilze en Rijen,0.000791491779946064,3.5041347993263183e-06,0.00046358335128062026,0.00019272505515276653,3.90076958419437e-05,0.0006734181767452575,0.021142600956071393,0.0011770968248402361,0.0,0.005102459697544037,0.0,0.0008852025426976209,0.001942766023734977,0.0006531726211224752,7.89749246267142e-05,5.66397478859513e-05,0.0010739741813615702,0.0008009656984387961,0.0
GM0785,Goirle,0.00010733200744072305,3.1290030666295686e-06,0.0004172350579512584,0.00014157019073535024,3.057610745735149e-05,0.00013844089771856508,0.012312694701233692,0.0010875376708691235,0.0,0.0033198247247413965,0.0,0.0005715645402823828,0.0012983844555149412,0.0005878695075510667,4.329042006674801e-05,3.84060053487122e-05,0.0,0.0006876502258630272,0.0
GM0794,Helmond,0.00221806921653312,1.2168584390945895e-05,0.0016231470374923269,0.00037833688497516206,0.00014922698744840272,0.0006762286821421973,0.0036766031259258952,0.0009559974118313645,0.0,0.0024636350338328597,1.625056603773585e-08,0.002769086238938091,0.0016841813561156518,0.0022862041235403585,2.6175530449393597e-05,2.3824219764759926e-05,2.19034208040847e-05,0.0033652892454695995,0.0
GM0796,'s-Hertogenbosch,0.00029057651102101865,2.5056807047247304e-05,0.003718235265320042,0.0006071324696702047,0.00019770686059286972,0.002786791578292638,0.030386323906434552,0.007339939307478645,0.0,0.007943190407016541,0.0032844635586518713,0.009797828169588917,0.01498807382327446,0.0038602879196914346,0.00012312751341976802,8.3255993487705e-05,0.0031667158054007895,0.004628070031291365,0.0
GM0797,Heusden,0.009192782196378447,5.953651046217251e-06,0.0007944204370277772,0.000287488115881095,7.866899356710835e-05,0.000871014392137045,0.017695334449281893,0.0009839007410970837,0.0,0.006260979158613797,0.0,0.0012271695703168072,0.0001547635632452637,0.0011185575194851626,0.00013190375260993499,6.1206921587403e-05,2.89690404183055e-05,0.01309348341914453,0.0
GM0798,Hilvarenbeek,0.00019870318132785055,2.0769735477713053e-06,0.00027695280577051136,0.00018063061892959406,2.5470838621176278e-05,0.00030541260841182024,0.04183718585778081,0.009181117733169666,0.0,0.009372851900758134,0.0,0.000422796254068199,0.0016595817821102106,0.0003902167529800817,0.000100995947355222,9.22909856744522e-05,0.0,0.0007289345863236967,0.0
GM0809,Loon op Zand,0.00013561071570254506,3.1219104053971594e-06,0.0004240427465224521,0.00018250348943955105,2.2716336616355975e-05,0.0003284870716170855,0.007566741406786034,0.00184176266199275,0.0,0.0030735549411904993,0.0,0.0005988772212237365,0.0015007361977869527,0.0005865369555601807,4.69638092937094e-05,3.81801494840714e-05,0.0,0.0006860862869061805,0.0
GM0820,"Nuenen, Gerwen en Nederwetten",0.00016117842212493648,8.317938893141153e-05,0.00041975165048893117,0.0001675814100833581,2.4305868820579176e-05,0.00025856119365646194,0.007019875252762394,0.00217553703139735,0.0,0.0024473313119943146,0.0,0.0009179983384836377,0.07530986419129355,0.0005899094817094649,4.16409293445317e-05,3.1974858003700195e-05,2.26099827655068e-05,0.0007446815574017404,0.0
GM0823,Oirschot,0.0017256610431013418,2.453189263226593e-06,0.00032711906719551,0.00018706567456492276,6.911000842751676e-05,0.0010017294638601166,0.028219889444646717,0.006479244067226375,0.0,0.00799435594117778,0.0,0.0007016499360732837,0.000314293430587547,0.0004608992491835458,8.98792015920039e-05,8.00562273032987e-05,0.0,0.0005393372235968746,0.0
GM0824,Oisterwijk,0.0008126080783227805,4.299397702327785e-06,0.0005699779871677432,0.000277908187262237,4.306311267725947e-05,0.0005884936779093932,0.024866410902053705,0.006220257863099675,0.0,0.006972266785753094,0.00011724437129706174,0.0008574385132804428,0.0011834759904742493,0.0008030789173770566,9.17064965605778e-05,7.60723578450535e-05,2.82624784568835e-06,0.0009944159255762365,0.0
GM0826,Oosterhout,0.004430986901163155,1.1631357480864722e-05,0.0010010015784348645,0.0002589707074963801,0.00017145210098303462,0.0012216688065644667,0.016990508967037337,0.00039572993221666876,0.0,0.004793105748308487,5.1159189378057035e-08,0.0016651028451446443,0.003653384248135594,0.0014103759829335533,8.27929672746433e-05,4.57902956475108e-05,0.0,0.0021049974826178324,0.0
GM0828,Oss,0.0008007224796156391,1.2391301253708252e-05,0.0016317465947042142,0.0005959165949673101,0.00012109135559181791,0.001025349596010761,0.07947034817338701,0.015067662693586292,0.0,0.019258557336077144,0.00015632582839608244,0.003344455716172873,0.006525200275056924,0.002299073504961691,0.000337580589599871,0.00018686855189615454,0.01617205594171817,0.003131751558018083,0.0
GM0840,Rucphen,0.0015737712854671316,3.0151685252729153e-06,0.00040205585855502483,0.00026478481916956676,3.516450594333447e-05,0.00047019745702859915,0.021188106102542126,0.002226963197034421,0.0,0.0054367682169291455,0.0,0.0005630765591383906,0.0010942522879964333,0.0005664825499979313,7.78625210908323e-05,5.874379135241201e-05,0.0,0.0006627258188448653,0.0
GM0845,Sint-Michielsgestel,0.0003115782460075885,3.896345175398643e-06,0.0005195558362960274,0.00031453695605638735,1.8118521195528063e-05,0.0003169420456695869,0.023828841451983766,0.005769381619037206,0.0,0.005956371461739248,0.0,0.0006824357234661115,0.0003622410230644184,0.0007320358819519636,8.13408365913578e-05,6.96566374128718e-05,1.41312392284417e-06,0.0008929746067268816,0.0
GM0847,Someren,0.010105124055677563,2.5795974013163965e-06,0.0003439748853900957,0.00016940596463155616,3.887696556757606e-05,0.000620415275586732,0.031888148785375915,0.011767689514079565,0.0,0.008353643373752441,2.4074912648497535e-09,0.0005286073981576215,0.00037771390208037465,0.00048464850359682024,8.871359317649519e-05,5.99904327010271e-05,7.0656196142208706e-06,0.0006942891294703345,0.0
GM0848,Son en Breugel,0.0002927388267722268,2.2691201103544404e-06,0.0003025744751864078,0.0001540653204091228,3.55997882694347e-05,0.00042495563575200814,0.0017537521017039343,0.0010231104742589872,0.0,0.0016036489878583997,0.0,0.0007934359457327909,0.00032422511801521217,0.00042631678315520463,1.67022524025825e-05,2.076422698555774e-05,0.000219034208040847,0.0014428855065289016,0.0
GM0851,Steenbergen,0.0181838024721351,3.1442226820855895e-06,0.00042086761758255807,0.00021994021991761112,5.28548164909112e-05,0.000766540327623237,0.0132056791685975,0.0030880259951386593,0.0,0.01600382283685625,0.0,0.0006884833020964639,0.0013387409529487895,0.0005907289319916078,0.00031530849851729,3.0072354313789733e-05,0.0,0.0007026514361611262,0.0
GM0852,Waterland,3.821440397969642e-05,2.2054313499642972e-06,0.00029249188316413777,0.000125760102456067,1.693027624771346e-05,0.0003703912460871711,0.022298330231542565,0.00019021437541074832,0.0,0.018517580506345957,0.0,0.00038250732647075476,0.001627395294429086,0.00041211076596174334,0.00021451006267513397,6.14068585097154e-05,0.0,0.00048765479699764715,0.0
GM0855,Tilburg,0.0003556780616986436,0.00012380638639317143,0.003951666562770341,0.000654095387870387,0.00028274721704467837,0.0027759751465667695,0.01407172424853907,0.002114292350712906,0.0,0.005566553353542433,2.523274962962963e-05,0.017305666677978306,0.0642319937896702,0.005530113662070541,7.722992871762861e-05,7.524726060888451e-05,2.11968588426626e-05,0.006471250118254007,0.0
GM0858,Valkenswaard,4.106126892722156e-05,4.063354740648197e-06,0.0005431615519090159,0.0001624905484109581,3.3637390021362764e-05,0.0003407112228476196,0.011937939665778108,0.0024162815821869845,0.0,0.003167961902137415,0.0,0.0009280197522939871,0.0003521998933234515,0.0007634132340314953,4.9315081695972095e-05,3.26137449262274e-05,7.0656196142208706e-06,0.0008929645600106844,0.0
GM0861,Veldhoven,0.0004083322716570076,5.945405006960992e-06,0.0007927865041356826,0.0002018934773610098,9.419947112423425e-05,0.000586028890901854,0.0025541921734531232,0.0008957196952004999,0.0,0.0013109326586939268,0.0,0.00200524154729848,0.00014874723172561265,0.0011170082736283874,1.37208486579924e-05,2.0011834772524e-05,8.47874353706505e-06,0.0017785722916588748,0.0
GM0865,Vught,0.00011375062419702714,4.153520318700761e-06,0.0005538487032361867,0.00019869749081981712,2.5923522809167204e-05,0.0006570063575295431,0.009074679959751343,0.000602784564710629,0.0,0.004645755585479414,0.0,0.000789138445254482,0.00010042979600745232,0.0007803533241621567,7.12380971224104e-05,5.2849812114328e-05,6.359057652798779e-06,0.0009139116774031938,0.0
GM0866,Waalre,9.397540293406394e-06,2.3242166050213547e-06,0.0003099212845872766,0.00015347288496328558,1.2544531706567266e-05,0.0003617315948052546,0.004158668296394391,0.0003090695243600849,0.0,0.0009422406936670192,0.0,0.0004413599994960563,5.054537780600259e-05,0.0004366681789505803,1.35896540452912e-05,1.201165660040055e-05,1.69574870741301e-05,0.0005107338628292833,0.0
GM0867,Waalwijk,0.001538344253176262,6.450911151294822e-06,0.0008762140754130089,0.0002830849800422592,0.00010677882344046081,0.0010288873472387033,0.012470994354216645,0.0015491669621389623,0.0,0.00632507742725477,8.050990919804107e-05,0.002248427927195969,0.0018808369839371213,0.001207898624169239,0.00011812283909688302,2.6034184620591362e-05,1.41312392284417e-06,0.0018879395951604833,0.0
GM0873,Woensdrecht,0.0002832936256723875,2.9297045997445855e-06,0.00038450122616802304,0.00023795398869054963,4.530309991625536e-05,0.0007196055418815881,0.007910517342398917,0.0026289041054363177,0.0,0.004771811615158714,0.0,0.0013247576191904795,0.000328694238481012,0.0005368547885723084,8.386436955069161e-05,2.8706979770138372e-05,4.94593372995461e-06,0.0006282869410734426,0.0
GM0879,Zundert,0.008783702817434182,2.8936695672377623e-06,0.0003860726056669057,0.0002758611249960104,2.5497269212164836e-05,0.00022214377350893898,0.033424762379761414,0.0036563597850662447,0.0,0.010577420602235717,0.0,0.0005656906992095173,0.0003411292174641111,0.0005436556204273477,0.000148555297203113,0.0001409622521969445,9.46793028305597e-05,0.0006360398445473141,0.0
GM0880,Wormerland,5.872489435050562e-05,2.3363738261650926e-06,0.00031207675170824274,8.276510180185778e-05,4.202680381189948e-05,0.00044751352335682573,0.012677975019753642,9.16166998854602e-05,0.0,0.010377479941623705,0.0,0.00044033368324703144,0.00021744964739230338,0.00043895224817479386,0.00015077944241050298,5.4007095928789306e-05,1.41312392284417e-06,0.0005135528647501731,0.0
GM0882,Landgraaf,4.803716906012745e-06,5.80127507331492e-05,0.0006587606381168405,0.00019380968733429178,3.0472046304988112e-05,0.0001910046211950629,0.0008044843098331365,7.773630789538371e-05,0.0,0.0008052680633149284,0.0060788000000000005,0.002164991098200228,0.03182462981436154,0.0009272492800340857,1.60030747289598e-05,2.745499854915731e-07,0.0,0.0010846695783346062,0.0
GM0888,Beek,1.1461780460133179e-05,2.0506203523664015e-06,0.00028380973205821417,0.00013209885036343137,1.3150428189257188e-05,0.0005308800848364263,0.0037085810533315122,0.00011015661160920441,0.0,0.0015354446054424078,0.0,0.0006014700074542252,4.256874067156201e-05,0.00038526557854043407,2.95480319805996e-05,0.0,9.89186745990922e-06,0.00842770548768437,0.0
GM0889,Beesel,0.0007939364244755035,1.7528620165540022e-06,0.00023402495069240655,0.0001398121316702821,2.281420258906042e-05,0.00029242297895229485,0.0028843119585472226,0.0006479090242792324,0.0,0.001868772378999101,0.0,0.0003397873430738598,5.413046663294998e-05,0.00032932346454570086,3.3756108776631596e-05,2.78457792869453e-05,0.0,0.0010400868375809041,0.0
GM0893,Bergen (L),0.00429703383375075,1.665293894965978e-06,0.00022285918117292576,0.00016802374828590449,1.8081341845297337e-05,0.00018831189886923356,0.014276026720825705,0.004441717459784585,0.0,0.006461847243145407,0.0,0.000326824359801173,0.00031693875908296197,0.00031287137823612297,0.00010960226732282899,9.33313340040507e-05,0.0,0.005390832987057831,0.0
GM0899,Brunssum,6.5203181705663556e-06,3.5343006244445186e-06,0.00047273224442221675,0.00012287417934584875,3.253092006622535e-05,0.00018874377888944424,4.248497604844668e-06,1.3651858199719075e-05,0.0,0.00022412394325772037,0.0,0.0008429122344120693,0.0010726119878262735,0.0006640158297663944,5.45292752214909e-06,0.0,0.0,0.010192177748342131,0.0
GM0907,Gennep,0.00012733104259065432,4.7677972954157114e-06,0.00030433091186189974,0.00017087899299990841,3.394727364121734e-05,0.0002635317191212375,0.006673153697887976,0.0014687685736386057,0.0,0.0036321623887083,0.0,0.0005709621395560705,0.01299029943265807,0.0004287915405941797,7.85079947282715e-05,4.7831395686759e-05,0.0,0.0005930789097133367,0.0
GM0917,Heerlen,1.9063557597497475e-05,1.1251053433922954e-05,0.001502371931421357,0.0002933248190366272,0.000117390958824237,0.001140115070378238,0.0010662728730956763,5.077011461765187e-05,0.0,0.0008382712654050724,0.0,0.0030234613962119485,0.0045739081366746055,0.0021138206325746842,1.98561243880605e-05,3.0226499998538735e-07,5.6524956913767e-06,0.00247273783651338,0.0
GM0928,Kerkrade,2.348841116695827e-05,5.898710940722234e-06,0.0007834475117521044,0.00018780623138153272,5.322527519963802e-05,0.00028615370513760774,0.0005727133756940238,3.168777264013839e-05,0.0,0.000488500011857629,0.0,0.0011743809519639539,0.0012846926217522671,0.001103849962146808,1.1157923808845e-05,0.0,4.239371768532521e-06,0.0041058633097597885,0.0
GM0935,Maastricht,9.607544157158135e-06,2.5061724009752063e-05,0.0021437321668363748,0.0002962742758189627,0.00012344685997826656,0.0008609639645292831,0.0012658013374187227,0.00023210472153410705,0.0,0.001838417779122467,3.6379880000000002e-06,0.007572128257822856,0.026793466775428734,0.002994028742422928,3.0745817042744704e-05,7.6290529569716895e-06,0.0,0.12215931756716283,0.0
GM0938,Meerssen,2.5174488331297843e-05,2.381097146153804e-06,0.00031580623975153174,0.0001997969064825316,1.0720935424464807e-05,0.0002996413292453831,0.0014735738099505501,0.00015879807098456922,0.0,0.0016885668981545282,0.0,0.0005487748646373563,4.5234644079165653e-05,0.00044495987359234466,3.51825706749629e-05,5.817351353171181e-06,0.0,0.0005215809894045613,0.0
GM0944,Mook en Middelaar,8.558243286226597e-06,1.0110791347273856e-06,0.00013482174749854036,9.036434933424143e-05,6.67375253851356e-06,5.8333294495665666e-05,0.0023525989253904856,3.184032340354634e-05,0.0,0.0008565223567822515,0.0,0.00018076795552953622,2.247684303327726e-05,0.00018995909571529852,2.17797122491792e-05,8.20319704461033e-06,0.0,0.000222543872554371,0.0
GM0946,Nederweert,0.0010326849766923302,2.248990563117041e-06,0.00030003561505252045,0.00017835000495293097,3.2494111616736826e-05,0.0002668809373232307,0.033227706705757414,0.019956920008962854,0.0,0.010471706384409613,0.0,0.000478801570272587,5.581503860618572e-05,0.0004225348926393783,8.93660252139616e-05,9.219045739738911e-05,3.67412219939485e-05,0.0013118725277699718,0.0
GM0957,Roermond,2.5336131701589446e-05,1.3177325890047752e-05,0.0010385729797566545,0.00034590300307793987,0.012939214122696436,0.0009760638456366424,0.003412469632422504,0.0005138067795632415,0.0,0.0026631413512068275,1.596e-06,0.002921638907812255,0.00463902723607695,0.0014633127646639724,5.6362969158981895e-05,4.03609280686232e-05,4.239371768532521e-06,0.09154733385632031,0.0
GM0965,Simpelveld,1.3951122156872178e-05,1.341782275956145e-06,0.0001789191617090903,0.00010528526286676219,4.861583660365339e-06,6.752470662223657e-05,0.005727087253310767,0.0002863194536752705,0.0,0.0016040455739678046,0.0,0.00021936097984792238,0.00020280412668294149,0.00025209079985234533,3.384029519420761e-05,4.0682298568401e-06,0.0,0.0002948908886735479,0.0
GM0971,Stein,6.773280482159725e-06,3.1867007186466196e-06,0.0004234201541631858,0.0002223279469287088,2.9303673492076447e-05,0.00021288803254084757,0.002382378195199481,6.449766035130383e-05,0.0,0.0009970414793236794,0.0,0.0007844366029163334,0.0005439397866317349,0.0005956264563282201,2.23817707094803e-05,3.1728689625948996e-06,0.0,0.0009893005786228302,0.0
GM0981,Vaals,1.2075008825977467e-05,1.3148286070771166e-06,0.0001753250407199875,6.431316388401127e-05,6.675165033363642e-06,5.9511146921299e-05,0.004868649312359413,7.600382543921321e-05,0.0,0.0017196276498234616,0.0,0.0002237962676114371,3.113942054754982e-05,0.0002470268099126749,3.94845447112291e-05,1.165730120094994e-05,0.0,0.00028893930356156444,0.0
GM0983,Venlo,0.030433602358115423,2.1268884556829626e-05,0.0018026091029115102,0.0005066872828735005,0.00016009057320215723,0.0022602564212179386,0.00517397385936941,0.0008059578912452197,0.0,0.003528226519056505,0.00015633184712424456,0.006333546844397304,0.01440421302263387,0.002517304994608147,6.676717827447968e-05,7.58817838352141e-05,0.000180879862124054,0.032391800617313504,0.0
GM0984,Venray,0.002649167012773976,8.019052552690351e-06,0.0007700520889319675,0.0003394095957343187,9.669178564170103e-05,0.0009291672286564367,0.06333335123535468,0.03434539882303288,0.0,0.017541859830035863,5.4168553459119394e-09,0.0012495719213788995,0.0023226917637767645,0.0010849762829900794,0.00013137260602498902,0.00013424333532418583,0.0,0.0016712719659645132,0.0
GM0986,Voerendaal,2.028786043416625e-05,1.6357294254952574e-06,0.00021811537000960418,0.0001357542872267484,8.186429152877225e-06,0.00019531308457543213,0.005041809896838573,0.0008880930459909986,0.0,0.0030447321050036617,0.0,0.00027156908719290355,3.3128540942869124e-05,0.00030731687741312373,5.74974207996525e-05,1.153701440606313e-05,0.0,0.00035955539844312865,0.0
GM0988,Weert,0.0006613716448618129,4.775632001221924e-05,0.00093091971142444,0.00034185804166904767,0.0001008394241116619,0.0010645952337644507,0.013863793076386542,0.004019210631539808,0.0,0.005961593711415791,6.58e-05,0.002153237338937294,0.024480324835312147,0.001236002206319137,7.70266133506967e-05,8.046623199166371e-05,2.1196858842662604e-06,0.0014468407248846564,0.0
GM0994,Valkenburg aan de Geul,1.680786456673403e-05,6.934165359490681e-06,0.000285380992777808,0.00013928021858626804,1.3071659062521933e-05,0.00023604665811065184,0.005880085841897005,0.0002177360547958282,0.0,0.002533063686978853,0.0,0.00041427631273208447,0.02274979223440703,0.00040055632697839997,5.02275692454268e-05,5.043798536933161e-06,0.0,0.00046861904137943095,0.0
GM0995,Lelystad,0.00015289374448941605,2.5213925522538163e-05,0.0021743941564010398,0.0003621207704836909,0.00021393263310614632,0.0024076451754628564,0.022062896173360984,0.0032429490882775166,0.0,0.01743562669544844,5.446948986722544e-08,0.0031808851899679984,0.07579487665771573,0.0020185637772923647,0.000287068435840504,0.0,2.1196858842662604e-06,0.002439013231609144,0.0
GM1507,Horst aan de Maas,0.03029100489033246,6.091467292256749e-06,0.0007482289987213407,0.0004468986331643002,9.048680568423863e-05,0.0009207815131559828,0.02985439620194069,0.015474507157054136,0.0,0.013178843270562712,0.0,0.0012424603226337942,0.004029590999837356,0.0010542283171830846,0.00016172464304374198,0.00017741711038000182,2.26099827655068e-05,0.0012380761491665344,0.0
GM1509,Oude IJsselstreek,0.00025001107622110426,5.4916934697833575e-06,0.0006743258926873329,0.00040270500886165387,9.87328062690785e-05,0.0004970531678035132,0.05548721971918809,0.009428873489138241,0.0,0.016777571472064316,0.0,0.0014241747856089657,0.004256959939213096,0.0009494872646911085,0.00036542846524376,0.00018578678285089843,3.32084121868381e-05,0.0011108103609285412,0.0
GM1525,Teylingen,0.0006658023168913769,5.107867620552761e-06,0.000681105578130451,0.00014364115214320305,4.523801314418176e-05,0.0004452451051086034,0.0044190677988218754,0.00014527179246995144,0.0,0.003310775709746929,1.2037456324248767e-08,0.0010021488456831988,0.00014532097732030463,0.0009596537807055698,6.333396154727461e-05,1.9379196046424204e-05,5.6524956913767e-06,0.0011232756723746943,0.0
GM1581,Utrechtse Heuvelrug,0.0002446164875410493,1.0153503790335808e-05,0.0008835521595054003,0.0004164034189353997,6.247189999772091e-05,0.0013156901728846732,0.028202601279572678,0.0012802390517558128,0.0,0.007772741884634908,0.0,0.0012187872092189098,0.00364175131770991,0.0012448938865650147,0.00016981644602015,5.70112336130449e-05,2.82624784568835e-06,0.001457609803351839,0.0
GM1586,Oost Gelre,0.00030367858984205155,3.856378310295149e-06,0.0005132342359748988,0.00027892209202256445,6.673121096559613e-05,0.0003906070047282535,0.06739023015287451,0.011904195765199728,0.0,0.015269230526194553,0.0,0.0048951747943173606,0.001301732929367,0.0007231289696566169,0.000273975844745571,0.0001469609036075638,7.0656196142208706e-06,0.0027342817294664108,0.0
GM1598,Koggenland,0.00221206463229189,3.075846872908287e-06,0.000409941365056334,0.00022972215621199356,4.8357507252078386e-05,0.0006702758164940414,0.0353470538033108,0.0012479995485813803,0.0,0.014881011191642389,0.0,0.0005853460391906632,0.0009987132105132312,0.0005768400429783143,0.00029053579830203604,5.01332809619006e-05,0.0,0.0007297449983028775,0.0
GM1621,Lansingerland,0.09251195093418979,8.527659369652443e-06,0.001138496053289445,0.0002667973694388769,0.00010060043201156504,0.0007466571234040757,0.0030993925277988813,0.00011803866005537875,0.0,0.0026700048948318216,9.472524453250763e-05,0.0033664617487888047,0.0003025243391857839,0.0016021559606845606,4.4207499923445e-05,2.5898899245718093e-05,4.16871557239031e-05,0.0018745771063518601,0.0
GM1640,Leudal,0.0035215987148433624,4.6392211917966335e-06,0.000619148567744249,0.0004228067172908342,5.8162832537812225e-05,0.0009557779247853584,0.03404105576959182,0.013965184009522368,0.0,0.013420522399939749,0.0,0.0012647336818005935,0.0016824570081701838,0.0008716056262545146,0.00016355430188000198,0.000152310419290639,0.0,0.0011307878053030292,0.0
GM1641,Maasgouw,0.00014496216910679326,3.1429154353447435e-06,0.0004158799221247796,0.00027179449730895216,3.491471420601564e-05,0.000551346668159322,0.0027577592852490755,0.000493767502174558,0.0,0.002445126781481172,0.0,0.0006378206680003677,0.0006576009121747953,0.0005823774644081885,5.41383377386559e-05,1.865086775211468e-05,0.0,0.010507966694064405,0.0
GM1652,Gemert-Bakel,0.0018515688745546462,4.046493226711862e-06,0.0005395772391380569,0.0002796103930240836,3.230232040540459e-05,0.00033494674939287683,0.05238996700092668,0.024549361067037444,0.0,0.013944086122813905,0.0,0.0007719674183831159,0.00036822207061470145,0.0007602453336864839,0.00011874261494416801,0.0001272983405443224,2.1196858842662604e-06,0.001016411641963207,0.0
GM1655,Halderberge,0.0034749930941015226,3.976534352246515e-06,0.0005312188914051229,0.00030612234280928766,5.0906541248318486e-05,0.00047270555413889446,0.015831324685161456,0.005401992797954383,0.0,0.007432633400979869,0.0,0.0007578797208022892,0.00010085582868628987,0.00074710163001953,0.00010366716608895002,5.712757451052169e-05,0.0,0.0014374220917083985,0.0
GM1658,Heeze-Leende,0.0003497313137579483,2.1471058187187277e-06,0.00028630455184103253,0.0001840932584272759,3.338495162455634e-05,0.0005580438937400026,0.02195736124930677,0.006436537458366217,0.0,0.005996911945585955,0.0,0.00040065424142854595,0.0016344090083519097,0.00040339303395755936,9.872155057099181e-05,6.61192466505412e-05,0.0,0.00047217116386461,0.0
GM1659,Laarbeek,0.004036072290092454,3.1190090671186203e-06,0.00040761191793481437,0.00026174698329947405,0.00012502605561015508,0.00036826527520619144,0.021947853607202403,0.006124207176750544,0.0,0.005669027766654799,0.0,0.000627752591770702,0.006101328601309942,0.0005743108420584287,7.272052113908261e-05,6.34890288936107e-05,8.47874353706505e-06,0.0007630279977173733,0.0
GM1667,Reusel-De Mierden,0.000518511745689899,1.743971438062683e-06,0.00023254883697164754,0.0001596856567883886,1.3970696859688838e-05,0.00012782414322075387,0.03271925115429221,0.020813008743838762,0.0,0.008858091909815445,0.0,0.0003311164420897857,0.0003058880647729452,0.0003276531242206063,5.46152783455234e-05,6.94307205638786e-05,0.0,0.0003832561705998635,0.0
GM1669,Roerdalen,0.00038894259009722274,6.074904372764775e-06,0.0003568526363550809,0.00026161356745272495,1.7080094871354058e-05,0.00035411951500393307,0.009936641852331006,0.002060212405853772,0.0,0.005095834753604493,2.9064e-05,0.00048613269132593596,0.0161271313668992,0.0005027928013347073,8.30482227330013e-05,7.22799709661284e-05,0.0,0.0006426293073874067,0.0
GM1674,Roosendaal,0.005157527823508917,1.004227942844512e-05,0.003957074853280881,0.00038100623802070474,0.00010772921087694762,0.0011753091463938025,0.02287698412877503,0.002802460667411929,0.0,0.009000233277308489,1.956086652690425e-08,0.0021162527236932233,0.00028351168843514306,0.0018867191040018113,0.00012997679449002102,0.00011782186730405771,9.89186745990922e-06,0.0023711783889197816,0.0
GM1676,Schouwen-Duiveland,0.005147592584748404,4.4258014758799186e-06,0.0005907548022965174,0.0004028286470338328,6.142641850355759e-05,0.0007908740731927215,0.014227663506955285,0.003194918958105121,0.0,0.022641318332403095,0.0,0.0009047557100941084,0.001726617926663932,0.0008304704482680861,0.00042768257485840597,5.295040786617771e-05,2.54362306111951e-05,0.000981923410407881,0.0
GM1680,Aa en Hunze,0.00018193784298259976,3.306486037615168e-06,0.0005179859521773368,0.0003495930285870768,0.0005233912232828507,0.000816014656969562,0.03496974970375168,0.00322422569503842,0.0,0.026058035325847384,0.0,0.0005698130301821022,0.0011003353578001676,0.0006188296597657779,0.00043254584899082306,0.00024529778257298786,0.0,0.0007239810822794134,0.0
GM1681,Borger-Odoorn,0.0002460904612843206,3.433345701320965e-06,0.00046195938444236196,0.00038032386987602154,2.894072538352122e-05,0.000499105898905595,0.028917720490176935,0.004468134425966309,0.0,0.03431532637266155,0.0,0.0006189723180760799,0.0008667994966536462,0.0006441285520160381,0.000488404572477509,0.0002771989393242424,1.41312392284417e-06,0.0007898061885078865,0.0
GM1690,De Wolden,0.0003058729229612596,3.1588588101865834e-06,0.0005561365963895381,0.0003128575407811654,3.399805936919176e-05,0.0008998728982497836,0.08766163886444323,0.0054195803825054095,0.0,0.02999027963351469,0.0,0.000577573424212628,0.0001320868872058183,0.0005934787322429874,0.000554185018716967,0.00030645367649016503,0.0,0.000803433802203336,0.0
GM1695,Noord-Beveland,9.949317416021861e-05,9.92773760743464e-07,0.0001323481722172511,0.00011320835447217515,2.0297336734799718e-05,0.000247178334454757,0.009660680141904679,0.0022106774921549486,0.0,0.00948692467358378,0.0,0.00018743915440198888,0.00036435490095076246,0.00018647391522820715,0.00021870630383313,3.34524575987433e-10,0.0,0.00021870785688596312,0.0
GM1696,Wijdemeren,0.00017882707042926737,7.719559347278846e-06,0.0004254754596910169,0.00021174904403763197,1.8199475102349003e-05,0.0002159619873517886,0.006730815447493208,2.9794674812079957e-05,0.0,0.005463118450499011,0.0,0.0006082798521540522,0.0029671189437090392,0.0005994799434922891,8.35881788026653e-05,2.4254424821673362e-05,2.19034208040847e-05,0.000756041118796546,0.0
GM1699,Noordenveld,0.0002708803909205556,4.160687993336029e-06,0.0005586023047967836,0.00034595357025868947,3.127880352084978e-05,0.00033096386431193483,0.04335082277730317,0.0014486307248528642,0.0,0.021400818386747494,0.0,0.0007674783081148952,0.00043618201557567304,0.0007816999694892452,0.000359824084196586,0.0002330983705463769,0.000103864608329046,0.0010233132106849208,0.0
GM1700,Twenterand,0.0003862939783601465,4.376470439416269e-06,0.0005833201947871833,0.0003560849736597301,6.180810277393772e-05,0.00040985650563473525,0.04549135663044056,0.0022505044991150192,0.0,0.013886844559541232,0.0,0.0008858516034920393,0.0015548397635427927,0.0008210587143101646,0.000226507410659864,0.0001287025773965398,7.77218157564296e-06,0.0010694615622801325,0.0
GM1701,Westerveld,0.0001908015480127867,2.5493325196171764e-06,0.0007619909713263677,0.000258583156340962,2.3879433154546336e-05,0.000426509992608029,0.061717827791096476,0.0035639732966040267,0.0,0.025453253245691827,0.0,0.0004505068592379303,0.0010342363277243485,0.00047687877356797055,0.00043756791266736397,0.0002503158891162992,1.97837349198184e-05,0.0005578974865906845,0.0
GM1705,Lingewaard,0.012722229969593877,6.1770701086085755e-06,0.0015602215207293343,0.00037558744232932414,7.835123936313456e-05,0.00043226049573104244,0.00763030046359027,0.0006978437459213692,0.0,0.004330154384420286,0.0,0.0011313714963912278,0.0012264978589227183,0.0011586840666553127,0.00012285928471520498,5.49177016032963e-06,1.20115533441754e-05,0.04330345814829183,0.0
GM1706,Cranendonck,0.000437903757268686,2.688739208286386e-06,0.0003585283349030337,0.0002444816883146952,9.174633921270949e-05,0.0004839401854337014,0.014851748449499063,0.0018489492767250668,0.0,0.004754881283012469,0.0,0.0005571942342495744,0.0006682860092349777,0.0005051538015944323,6.47141798150837e-05,6.21859059376837e-05,0.0,0.0006274242104095581,0.0
GM1708,Steenwijkerland,0.00038841099027424585,5.772816559262228e-06,0.0008974631928265474,0.00044901754153870436,6.004161098111467e-05,0.000689984343111506,0.09955053642507043,0.004373516815828089,0.0,0.05452282238741656,0.0,0.001165670598630113,0.002478014478319375,0.0010834352747811512,0.000659641585336267,0.000280229181149206,2.11968588426626e-05,0.0013405182062130828,0.0
GM1709,Moerdijk,0.003893249178859069,4.478456964011604e-05,0.042196285714588735,0.00031227919322176074,0.00023320674236120272,0.0026455810026369394,0.014238907870677933,0.004183348093244168,0.0,0.01615546597263649,0.0038781739496296266,0.0033040436429486956,0.02996101186488252,0.000916460908164551,0.00032804455049801603,1.013829670041133e-06,7.77218157564296e-06,0.0658668789986443,0.0
GM1711,Echt-Susteren,0.00010164375004261352,9.911015650907776e-06,0.0005534224149963953,0.00033091531775107647,5.7199645294133245e-05,0.0010841204133029466,0.016432332375026257,0.007912404524002777,0.0,0.008268416129346817,0.0,0.0009217356606104419,0.004350082425459362,0.0007797526990401182,0.000135452938229078,9.083777463266571e-05,5.79380808366111e-05,0.009065281321857474,0.0
GM1714,Sluis,0.0001532486922210288,2.9381647309157293e-06,0.00039091829243247616,0.00032359014204791364,3.517633795296331e-05,0.00041715586902195146,0.01765880031684935,0.005182501952197017,0.0,0.032489742328231055,0.0,0.0009638030170317296,0.0011872792929178456,0.0005479239478607788,0.000655299568371202,2.034490315691965e-05,3.03821643411497e-05,0.000641913792755229,0.0
GM1719,Drimmelen,0.01310269269741574,3.521093469696649e-06,0.0004695181201797797,0.00024036760454037342,3.05775519931446e-05,0.0006118353478223025,0.022575834044217764,0.0031502199309781623,0.0,0.01093237095817138,0.0,0.0006561630783571543,0.00021694698369266477,0.000661534501562986,0.000194616900446096,5.39942099408302e-05,0.0,0.0007818470330200183,0.0
GM1721,Bernheze,0.0007205868569589808,4.235061785318868e-06,0.0005539800963634076,0.0003264846226089095,4.9445327135548954e-05,0.000972228138491174,0.04305473294747775,0.02730106646033526,0.0,0.012962648820706243,0.0,0.0007954027517054682,0.005974082830089909,0.0007805384524526073,0.000110014791200913,0.00010339653966005052,0.0,0.0014215864673454994,0.0
GM1723,Alphen-Chaam,0.002079749231960839,1.3400732798603037e-06,0.00017898188144366303,0.00013055961881995332,1.5236430727780775e-05,0.0001392320864575254,0.0350657691495139,0.010748129086389897,0.0,0.008791366841041093,0.0,0.00024988397351320387,0.00046539760865297415,0.00025176971781059736,0.000123201675881445,0.0001073503748439246,0.0,0.00029454512811835865,0.0
GM1724,Bergeijk,0.0001672962981573755,2.464218885746459e-06,0.00032858980566819986,0.00021335081195367642,3.272000211021257e-05,0.00019546541139913533,0.029770042501059125,0.0045460080998299965,0.0,0.007925424878161195,0.0,0.0005682262078676278,6.5550415860861e-05,0.0004629714679130131,9.85801991291423e-05,7.25407003089002e-05,4.239371768532521e-06,0.0005415303041192812,0.0
GM1728,Bladel,0.0002567059036631684,2.7810074277672307e-06,0.00037083459313928157,0.00020034741734288906,4.876370807114898e-05,0.0004478199868871947,0.023997822552052017,0.007828648892782588,0.0,0.006558916795935744,0.0,0.0007284176797927915,0.0011674604010543026,0.0005101392682148024,7.191132477184121e-05,6.46414362792531e-05,3.81543459167927e-05,0.0009053547825856839,0.0
GM1729,Gulpen-Wittem,7.070242852478139e-05,3.6201619806078e-06,0.00024447407296932037,0.00015811008095602575,1.3858448017333693e-05,0.00016484652477917374,0.01596845614667229,0.00048392218693376346,0.0,0.007397591140811798,0.0,0.00032790813915807733,0.0008066498211091538,0.00034445536190361837,0.00017177381858732302,4.229076145925409e-05,0.0,0.00040293352111082616,0.0
GM1730,Tynaarlo,0.0001237887428395347,4.485416647333002e-06,0.0006386363609902788,0.0003854768595256725,3.739865262523792e-05,0.0005573749264116148,0.032590385371265476,0.0018369921752571063,0.0,0.0160292400917991,0.0,0.0007990655960727173,0.0023200263124741405,0.000835974297669374,0.00029860413906002104,0.00016727987395039382,2.1196858842662604e-06,0.000978218504882823,0.0
GM1731,Midden-Drenthe,0.0004910262526595331,0.0003238159235873041,0.023937307249861477,0.0004121519527079962,0.00010263356106390534,0.001278116486088635,0.08438096878661154,0.007385589609009035,0.0,0.039386700441804944,0.0,0.0008143500875372556,0.20207926822800365,0.0008118730410078117,0.0006613389022838489,0.00037562379938906,0.0,0.0009502723728345783,0.0
GM1734,Overbetuwe,0.0022793234810032374,6.497508197020704e-06,0.0008666969813394169,0.0003912549695640859,0.0001226159814656958,0.0018828269344555674,0.02918208678316477,0.001406362782321894,0.0,0.011258562478684925,0.0,0.0026292959270925883,0.00038742378990185505,0.0012207360819898453,0.000307150612753551,7.68156949045315e-05,5.36987090680786e-05,0.009355330332529627,0.0
GM1735,Hof van Twente,0.00046709927454119946,4.933653909957019e-06,0.0006053721668874282,0.00037449707559343424,7.628325606616934e-05,0.0005425933846603109,0.10277889431753287,0.011238183622113599,0.0,0.02501967977811037,0.0,0.0017486696962754143,0.00309979885921225,0.000851818708424618,0.000490347673610425,0.0002537343696108289,3.32084121868381e-05,0.0011987701541373854,0.0
GM1740,Neder-Betuwe,0.0008244394497882862,3.2502425920600184e-06,0.0004364812235847627,0.00022010437853988335,7.232703618379157e-05,0.0011616677735490266,0.011762155057097563,0.0009395982246595457,0.0,0.005269779954772449,0.0,0.004119975424054441,0.0013540098257903274,0.0006106476955530666,0.000138171543230585,3.17417878289226e-05,1.41312392284417e-06,0.017266599930256858,0.0
GM1742,Rijssen-Holten,0.00020334493877401328,7.269669127231717e-06,0.0006643325461133005,0.0002382147073504353,9.29612566212632e-05,0.0009623581616904665,0.03558365534174572,0.003420880100720989,0.0,0.008605192007474203,0.0,0.0011338536754535683,0.0020115257917032174,0.0009360211691017481,0.000178022143266014,8.705328858354971e-05,0.0,0.0010953949267051338,0.0
GM1771,Geldrop-Mierlo,0.00044778728325520835,5.47559376139691e-06,0.0007089233870250706,0.00020396178076239387,5.0210721120546566e-05,0.0007524885004787613,0.003817555796755603,0.0008532511918281267,0.0,0.001226094852618526,0.0,0.0010365109021502892,0.00013029533728712013,0.0009988480940893235,1.95350810019014e-05,1.965787293147944e-05,1.76640490355521e-05,0.001368227023984168,0.0
GM1773,Olst-Wijhe,0.0002248776135435904,2.408328281030904e-06,0.00032007713810943084,0.0002005987244889283,1.7641644619366704e-05,0.00025611049266719,0.052032820284735444,0.0050210915416511815,0.0,0.015655834713713717,9.028092243186575e-10,0.0015248264200555287,0.0009642685062268275,0.0004509774190181461,0.000366754347177508,8.777522647681901e-05,0.0,0.0005298402737502108,0.0
GM1774,Dinkelland,0.0017415868214811993,3.537516974768488e-06,0.00046951594453507027,0.0003242679523462161,4.475185962450932e-05,0.00036542145323831303,0.10056447015822167,0.00674886298530671,0.0,0.023483949757168575,0.0,0.0006990934140194253,0.0011862934997572665,0.0006581433498671055,0.00047099469130909403,0.00022996931203921994,0.0,0.0010241879337066254,0.0
GM1783,Westland,0.23494543428639797,1.5289351330408537e-05,0.0020939182424176027,0.0005203728169275825,0.0001444986836462154,0.001064146508643112,0.0005283965723114372,5.4087002353004916e-05,0.0,0.001218190979016475,4.213109713487052e-09,0.008987019911938609,0.00039333124727870995,0.0028709296585094192,1.47398383674581e-05,5.621673511098001e-05,0.00031159382498714,0.0034308835164053773,0.0
GM1842,Midden-Delfland,0.03229240171633008,8.632599308007244e-06,0.0004659239116811642,0.0001062544907024026,3.190845613231754e-05,0.0009170714415898471,0.02217190232293356,0.00015745745542318067,0.0,0.009323367049136392,0.0,0.0005472359568901054,0.023257295255942684,0.0005283421440571703,0.000182284397058986,2.86299564155449e-05,0.0,0.0006181056793496621,0.0
GM1859,Berkelland,0.0004458220007973612,5.738668518551218e-06,0.0007540845050270891,0.0004502182439577645,0.0001951115631124699,0.000584199348577233,0.13331457547781467,0.014991993694817074,0.0,0.033657196330927015,0.0,0.0016953082946393437,0.0033258603680377183,0.0010624785194199866,0.0006833420435043071,0.000332973883986631,0.00016604206093419,0.001533409735143313,0.0
GM1876,Bronckhorst,0.00029634630478432767,4.115648988938243e-05,0.0006254673735804768,0.00043049700977089244,0.00021867751755029995,0.0005802308156535751,0.12168706637322674,0.011872660296110057,0.0,0.033343481623434285,0.0,0.0010436100665379981,0.02381584054781843,0.0008812615092832559,0.0007300751233683029,0.000329029257561401,6.359057652798779e-06,0.0010320806579137724,0.0
GM1883,Sittard-Geleen,3.941233498653204e-05,1.203024435409413e-05,0.0016642823864998534,0.0005226842031425464,0.00019304187782096706,0.0019404896001399882,0.004774408056183058,0.000765285816689719,0.0,0.0035769260286572352,0.3719703075340925,0.003778898148524945,0.0006341592740988001,0.0022602131329254992,6.103681938991741e-05,9.757949923614332e-06,0.00018723891977685301,0.003626033627238852,0.0
GM1884,Kaag en Braassem,0.005468887619324956,3.6664280657618297e-06,0.00048459453166784915,0.00022057215800058182,6.0662593884773197e-05,0.0010852071399786477,0.028600435490539075,0.000992324480998168,0.0,0.013834937277114647,0.0,0.0006818636801304181,0.0018805285213809744,0.0006827766345722497,0.000225351263724878,5.8890270885184e-05,0.0,0.000799305282092953,0.0
GM1891,Dantumadiel,0.00011296614604580311,2.4699213708461458e-06,0.0003292179091753521,0.00025542598843285015,1.7003661764190612e-05,0.00020103959742958705,0.03873666113679519,0.0004894084226209737,0.0,0.01780387989865556,0.0,0.0004258749686057064,0.0007028439521140603,0.0004638564436416913,0.00031099143487056804,0.00011524406238389091,0.0,0.0005426979729125882,0.0
GM1892,Zuidplas,0.021931172010981874,6.451372111960457e-06,0.0008538869121870648,0.00023322729438595292,8.044036585371535e-05,0.0012312840841310806,0.004920417005253354,0.00033975310581763947,0.0,0.007642594549640954,7.222473794549245e-09,0.0014428793185356707,0.0026720712537976676,0.0012030965974828293,0.000113959396224296,1.842356974761921e-05,2.0490296881240503e-05,0.0014088601578861335,0.0
GM1894,Peel en Maas,0.03298138222671757,5.8444988553870495e-06,0.0007807842572329555,0.00047035877475417427,8.452601197814758e-05,0.0012031433310738583,0.02828581472348632,0.017760410504693895,0.0,0.011874651992361313,0.0,0.001263792266347932,0.000601846688519788,0.0010980502705930806,0.00012696664742798002,0.0001723214374789855,9.18530549848714e-06,0.027747849467651367,0.0
GM1895,Oldambt,0.00016492216799294076,8.00268706773642e-06,0.006873892014755198,0.00042473286937467613,8.651054197792869e-05,0.0006379532728019688,0.03649178604335754,0.0043697093717820846,0.0,0.025681649197861076,3.3403941299790315e-08,0.0013912947048875675,0.0016544829661969639,0.0009444399388060848,0.000551333562333989,0.0001626554166408094,0.004325424654895001,0.0013599117915067999,0.0
GM1896,Zwartewaterland,0.0004626180764467492,3.0137466269826095e-06,0.0004018662563709032,0.00018605182877410266,6.908865600598976e-05,0.000255666935987797,0.04723824657459128,0.0013691546901265276,0.0,0.027475173618600933,6.0187281621243835e-09,0.0006529086838676528,0.0018308297030887179,0.0005662154071956046,0.000316182421530309,8.090299829874141e-05,1.41312392284417e-06,0.0006637112017770917,0.0
GM1900,Súdwest-Fryslân,0.0014965270233196911,1.1724228469100418e-05,0.0015603851953865163,0.0008495221281111379,0.00016131379166648527,0.0017981113455717264,0.3099919709155314,0.013061806685360049,0.0,0.11350581473298509,0.0,0.002901608754493452,0.0046009993835630205,0.002193429177272229,0.0024142277954334298,0.0006243073426126381,4.80462133767019e-05,0.002572495066467047,0.0
GM1901,Bodegraven-Reeuwijk,0.00015730078166446178,4.899599460475637e-06,0.0006505052289301631,0.00019142955177694904,5.8577941589751276e-05,0.0013946483177341889,0.03824976878568144,0.0021338426522011893,0.0,0.022311666973454117,0.0,0.0013488236659629123,0.001050534270166057,0.0009165389659927428,0.000250960724030079,0.00010074012612211952,3.5328098071104298e-06,0.0011452913072587444,0.0
GM1903,Eijsden-Margraten,7.352589574523145e-05,3.3433673182516783e-06,0.00044581933193363354,0.00025918403810035954,2.369656782693697e-05,0.00035106106353058634,0.01645523216495955,0.0005817906669331661,0.0,0.007180472423178219,0.0,0.0008418189627925082,8.7865757019818e-05,0.0006281437432594339,0.00015038446532451,5.40027091733085e-06,0.0,0.0007350491459202464,0.0
GM1904,Stichtse Vecht,0.0014171405444571457,8.368300167366688e-06,0.001114684390698186,0.0003719274283030907,9.33529457979484e-05,0.002212841345284803,0.042252310879951044,0.0011454378684374882,0.0,0.02255974867938236,0.0,0.0016110805518547307,0.0009377373351993781,0.00157055106311597,0.00032087973708681903,9.49122202082952e-05,6.359057652798779e-06,0.0018648871158875532,0.0
GM1911,Hollands Kroon,0.01703225984632622,7.235261697049122e-05,0.0008515364266935538,0.0005199448658245881,0.00012479232715016962,0.001192199855222754,0.06113117624195432,0.007840491727078548,0.0,0.048363586020524124,0.0,0.0015989931639615153,0.05268544625123023,0.0011948909437556794,0.000832965520097119,8.476653046690771e-05,5.6524956913767e-06,0.0021080957560615076,0.0
GM1916,Leidschendam-Voorburg,0.0027209901603576394,9.759067754912957e-06,0.0013034545799013675,0.00013349133189925552,7.696512233018803e-05,0.0010262312085336605,0.007246994386166784,1.7830522281387006e-05,0.0,0.004387838724253935,0.0,0.0017944709697012978,0.00018997480393920656,0.0018335099816370324,7.649328319508242e-05,8.86637746686518e-06,5.2992147106656504e-05,0.0021448762804067577,0.0
GM1924,Goeree-Overflakkee,0.0032037616541861326,6.632349028940473e-06,0.0008857225714821531,0.000455245258250043,7.820491786807041e-05,0.0011327317071725075,0.024902992541089526,0.00464589304546088,0.0,0.025874243722159563,0.0,0.0013806563336051785,0.00208301885244936,0.0012460696504685254,0.0004949704692330589,7.900743113506201e-06,3.39149741482602e-05,0.0014743034251212732,0.0
GM1926,Pijnacker-Nootdorp,0.0378668672643196,7.56546766280447e-06,0.001011484646431868,0.00021016368113852555,4.984527250789973e-05,0.0002955371356103817,0.0029115155725434,1.5567028237136216e-05,0.0,0.002998687852664137,0.0,0.0017485568303986902,0.0002890867226226733,0.0014213817163551273,5.30534580595854e-05,1.993535528920113e-05,4.94593372995461e-06,0.0016629368924813053,0.0
GM1930,Nissewaard,0.00015165433908978878,1.1583328386880763e-05,0.001632544175653062,0.00027430591096282495,5.7401741960078854e-05,0.0005089009600326373,0.011653775811460121,0.000829331269816937,0.0,0.009425390470311578,0.0,0.002590254043351211,0.002582387921671087,0.0021271529133360324,0.000175483769262325,1.24510558212881e-05,4.94593372995461e-06,0.0024973695816300464,0.0
GM1931,Krimpenerwaard,0.00031586948911309945,7.75256762774986e-06,0.0010320617850317424,0.00042081189805797574,8.711925188540186e-05,0.0006810127093120234,0.06620180205723226,0.00074692772530739,0.0,0.047205838459774545,0.0,0.0015292527645887756,0.0020799513242117703,0.0014541387205285175,0.00046445871682844003,0.00021139727645287182,0.0,0.0017135493774640416,0.0
GM1940,De Fryske Marren,0.0004516662787434763,6.697295607863583e-06,0.0008917016519461149,0.0006296303177164925,9.305772275452275e-05,0.0014282873584897265,0.17931520562675396,0.00598634534102695,0.0,0.09975230963334622,0.0,0.0015480667687162311,0.0023236376479160337,0.0012563762345044168,0.00113989673316222,0.000455960656762954,3.53280980711043e-05,0.0017491129879529726,0.0
GM1942,Gooise Meren,1.3770546989098012e-05,1.3656316451755282e-05,0.0010352638918728883,0.00022765095256982448,4.9619009739237446e-05,0.0019380414521832363,0.005097495450870217,4.775537037485635e-05,0.0,0.0030001312204100132,8.892800000000001e-05,0.001495302550485229,0.029053971382335977,0.0014578314724555707,4.36047703190988e-05,1.4578303756989212e-05,7.0656196142208706e-06,0.00170867292398245,0.0
GM1945,Berg en Dal,0.000349691035612769,4.600888933640852e-06,0.0006097474673118471,0.0003189863952694252,3.1611629960868754e-05,0.000324737913629952,0.014807098024629428,0.0011635030957215615,0.0,0.006367075005907741,0.0,0.0008092128442609668,0.000916505968160011,0.0008591127147829445,0.000157509418137427,1.4344010525736692e-05,0.0,0.013640815052605752,0.0
GM1948,Meierijstad,0.0030046774139782595,3.334535139101371e-05,0.0014506294758133685,0.0005879802562743048,0.0005791089788743086,0.0016723605308962314,0.08379218343091482,0.025915561478797033,0.0,0.02145808020094723,0.0,0.0032842909503314937,0.1139506330768438,0.002043885860821143,0.00023440793189409,0.00021837991317362078,5.6524956913767e-06,0.002500585019219282,0.0
GM1949,Waadhoeke,0.01849577818885122,6.805583796560516e-06,0.0007991797679784453,0.0005950259028812452,5.1746647007372594e-05,0.0007609300153040834,0.1113202154171485,0.00629907309901765,0.0,0.04206290954975921,0.0,0.001394610755918509,0.0022285061591595288,0.001125058487572871,0.0010613471174369502,0.0002311585624683856,1.05984294213313e-05,0.0013532456434171974,0.0
GM1950,Westerwolde,0.0003727050928535604,3.3750039049666065e-06,0.00047268376318988786,0.0003658847496880501,0.0009999201110772005,0.0003047120111148642,0.044701585349955,0.007159375450089121,0.0,0.02995866243609406,0.0012016112097230761,0.0006932534446509524,0.0015739382751373085,0.0006313480115886255,0.000545203359845182,0.00034323289365885705,0.0010257381474227264,0.0007385742824948172,0.0
GM1952,Midden-Groningen,0.0031963555451279767,7.949348907715855e-06,0.007221258382123535,0.0005997901499776173,0.00021955641564188737,0.001259577606370808,0.04810656964974961,0.00523308701401222,0.0,0.03963589996876051,0.0,0.0015342129006144446,0.0026137872907318724,0.0014905542648122056,0.0006256239016681831,0.000336855416428763,0.0,0.02090919322480507,0.0
GM1954,Beekdaelen,3.640189564861697e-05,6.0195779703967754e-05,0.0006200872508382918,0.00038935720516046035,2.669947588198085e-05,0.000556781398329827,0.008155506706743924,0.0008770862640248592,0.0,0.006150603455253567,0.0,0.000862068692233514,0.03208609859699248,0.0008736811057511492,0.000105083877127984,2.686779273599262e-06,0.0,0.0010220722440872705,0.0
GM1955,Montferland,0.00018467140382847133,4.76454759772377e-06,0.0006366616975231519,0.0003155391064965522,7.904460468229683e-05,0.0004651343442628857,0.03832126403159346,0.0040767717458788585,0.0,0.010661681128848802,0.0,0.002214149713738422,0.0006531454637200945,0.0008951516474525332,0.000222784330300488,0.0001115672420167962,3.81543459167927e-05,0.004150982755941143,0.0
GM1959,Altena,0.002799941154383232,7.825817893362263e-06,0.0009842219125795774,0.0005219295007739644,8.597621498850854e-05,0.0013368559754847493,0.03903618533923751,0.0031843557924258322,0.0,0.022906276208140095,1.2037456324248767e-08,0.0019008639728559389,0.003286182842687187,0.0013867340244853453,0.000511808767768192,9.870464845642901e-05,4.239371768532521e-06,0.001680884996944711,0.0
GM1960,West Betuwe,0.00771984651073847,1.2064797807586015e-05,0.000916367820646675,0.0005091997406817535,0.00021092928811488975,0.0031198167192635043,0.07546895081555337,0.0063563705400227904,0.0,0.025838938240163995,3.0093640810621917e-09,0.0017021287039104519,0.014485852558687243,0.001290377089746578,0.00065464774906725,0.0001553694441739644,4.94593372995461e-06,0.014891655803290238,0.0
GM1961,Vijfheerenlanden,0.00013344756762769143,7.735916155875472e-06,0.0010264086503221355,0.00037030151988425833,0.00012957103077282332,0.0024035857462480488,0.05703713669154924,0.0031811749299110272,0.0,0.02850748004433514,0.0,0.0017757507765385388,0.0016043554150527418,0.0014454207446816813,0.000501614812240461,0.00016601873796795292,6.359057652798779e-06,0.10119614372287639,0.0
GM1963,Hoeksche Waard,0.006288600059321038,1.188322666099421e-05,0.0016617845890276354,0.0006319882848850279,0.00014377108725822848,0.0018752985965508181,0.013774785727562938,0.004041675239944641,0.0,0.03217942763507761,0.0,0.0030301881428836364,0.0022397751090694118,0.002155317037363547,0.000627916007531985,1.259999816304094e-05,7.77218157564296e-06,0.0027527648160422286,0.0
GM1966,Het Hogeland,0.0019650188133177532,6.218839837216009e-06,0.022824229542292677,0.0006581273649569519,5.013575946111065e-05,0.0006068063213925081,0.107841089563452,0.00853685598949472,0.0,0.05922484603369154,0.0,0.004084330407522555,0.0015201648815055377,0.001159554358531775,0.00144523264710421,0.00036965582320364797,0.0,0.0013578076047557743,0.0
GM1969,Westerkwartier,0.0008441580836883,8.26708035275896e-06,0.0015118409509155566,0.0007689688573490485,9.15452892567992e-05,0.0014901378963389173,0.16390522417897074,0.005820031536224898,0.0,0.06410521690483342,0.0,0.0016894732405303477,0.0033120180663980796,0.0015493506166568193,0.00140363203622951,0.00044646241225959095,4.94593372995461e-06,0.0024876609421896553,0.0
GM1970,Noardeast-Fryslân,0.0004109948904694989,5.857141742497682e-06,0.0027117938536492057,0.0005646808497813205,6.416644931595018e-05,0.0004707443633243838,0.1488929916929586,0.008401572341410484,0.0,0.05271431613105249,0.0,0.0013045139116496366,0.0028683662987361433,0.001098006229667932,0.00134512193868559,0.000333499545324146,1.05984294213313e-05,0.0012851966394475645,0.0
GM1978,Molenlanden,0.00024854458693673496,5.926374144471377e-06,0.0007832704922181641,0.0003779137606938104,7.704341428029045e-05,0.0009606173060342574,0.1172349659338466,0.004788767256789637,0.0,0.06730505777099086,3.9121733053808445e-08,0.00141385040058285,0.0026512309092662904,0.0011036005478556028,0.0007230951448782861,0.0002503139946073307,5.6524956913767e-06,0.0013084017252222974,0.0
GM1979,Eemsdelta,0.00037943840368980956,7.542059562973308e-06,0.008359069373599247,0.0004964268166929802,0.00010437501536224112,0.0005438311167786699,0.07645190108821064,0.003909512061594674,0.0,0.0363375320898406,0.002401861399999997,0.0017334238564146514,0.009277585255770169,0.0010942792730028947,0.0008757003758487709,0.00027137650752598173,0.0015567081358214818,0.003226371183486882,0.0
GM1980,Dijk en Waard,0.008253480155142988,1.1539056099764654e-05,0.0015386685912309175,0.0004924146578888226,0.00011289732113844621,0.0007474757913097785,0.00915828510066988,0.0007109517931162205,0.0,0.00493182046283446,2.7084276729559734e-09,0.0032744240496296933,0.00041570864576187674,0.0021679298749552353,0.000103885742867354,4.44910132208232e-06,6.64168243736762e-05,0.00253682931627598,0.0
GM1982,Land van Cuijk,0.003350809612115606,5.146621758660574e-05,0.001571969915511096,0.000898753976371481,0.00016607131665060033,0.0022362564290079583,0.13500705179655775,0.06237082241962817,0.0,0.03782768026757075,0.0,0.004657238952798904,0.027385531327294228,0.0022124561833804105,0.00040253052668512705,0.00041637299457641095,2.75559164954614e-05,0.01860212617110918,0.0
GM1991,Maashorst,0.0014873107051327644,9.553898803020978e-06,0.001016772433006839,0.0004249977929958618,8.4987832206194e-05,0.0011863320042358543,0.04775721535752964,0.022203525744062542,0.0,0.01257044099840034,1.8362400000000001e-06,0.002273014513303425,0.010884909993547801,0.0014325965617996007,0.000115455842016253,0.0001356996751069566,4.45134035695915e-05,0.0018939172031748166,0.0
GM1992,Voorne aan Zee,0.024766582753311485,9.582099123436295e-06,0.0012738699509891246,0.00044093664377659595,0.00015171397243646012,0.0007213138968093755,0.008487495051830676,0.0009538488962807,0.0,0.010706468079830469,0.0,0.0017293459141188843,0.003059493226611486,0.0017948379133077572,0.000211121887869286,2.818285495894866e-07,1.13049913827534e-05,0.002099751511358171,0.0
GM9997,Belgie,7.303923869445725e-07,2.3207465325658562e-08,3.0945856983397195e-06,1.4917940674212472e-07,1.6023666352356433e-07,7.62696043867792e-06,0.0,2.708326571307768e-06,0.0,0.0001259137592993178,0.0,4.382970634602476e-06,5.119940222051964e-07,4.360162301534259e-06,5.29010192438617e-07,2.6156749303809445e-07,0.0,5.129213373339339e-06,0.0
GM9998,Duitsland,7.701191351076639e-07,8.345944291197074e-09,1.1128849911120413e-06,5.083825029444867e-08,6.640208483609087e-08,8.758016251267576e-07,0.0,1.329586299701926e-06,0.0,2.3771389858562103e-05,0.0,1.5766167402892686e-06,5.6415199382549055e-06,1.5680157724484306e-06,4.16954072206458e-07,9.79980150422697e-08,0.0,1.8468240520431062e-06,0.0
GM9999,Noordzee,0.0,0.0,0.10000556807488012,0.0,0.0,0.0008897771982081734,0.0,0.0,0.0,4.810537390306667e-05,0.0,0.0,0.0,0.0,0.0,0.0,0.0,6.8327362581688695e-09,0.0
