0.000000000000000000e+00
0.000000000000000000e+00
0.000000000000000000e+00
0.000000000000000000e+00
0.000000000000000000e+00
0.000000000000000000e+00
0.000000000000000000e+00
0.000000000000000000e+00
3.611250162124633789e+00
2.790000152587890625e+01
5.785875320434570312e+01
8.091000366210937500e+01
8.241750335693359375e+01
7.007625579833984375e+01
4.925250244140625000e+01
1.927125167846679688e+01
4.837500154972076416e-01
0.000000000000000000e+00
0.000000000000000000e+00
0.000000000000000000e+00
0.000000000000000000e+00
0.000000000000000000e+00
0.000000000000000000e+00
0.000000000000000000e+00
0.000000000000000000e+00
0.000000000000000000e+00
0.000000000000000000e+00
0.000000000000000000e+00
0.000000000000000000e+00
0.000000000000000000e+00
0.000000000000000000e+00
0.000000000000000000e+00
8.550000190734863281e-01
1.074375057220458984e+01
2.059875106811523438e+01
2.712375068664550781e+01
4.809375381469726562e+01
5.256000137329101562e+01
3.028500175476074219e+01
7.965000152587890625e+00
3.262500166893005371e-01
0.000000000000000000e+00
0.000000000000000000e+00
0.000000000000000000e+00
0.000000000000000000e+00
0.000000000000000000e+00
0.000000000000000000e+00
0.000000000000000000e+00
0.000000000000000000e+00
0.000000000000000000e+00
0.000000000000000000e+00
0.000000000000000000e+00
0.000000000000000000e+00
0.000000000000000000e+00
0.000000000000000000e+00
0.000000000000000000e+00
2.519999980926513672e+00
1.726875114440917969e+01
3.202875137329101562e+01
3.627000045776367188e+01
3.294000244140625000e+01
2.955375099182128906e+01
1.948500061035156250e+01
6.277500152587890625e+00
3.937500119209289551e-01
0.000000000000000000e+00
0.000000000000000000e+00
0.000000000000000000e+00
0.000000000000000000e+00
0.000000000000000000e+00
0.000000000000000000e+00
0.000000000000000000e+00
0.000000000000000000e+00
0.000000000000000000e+00
0.000000000000000000e+00
0.000000000000000000e+00
0.000000000000000000e+00
0.000000000000000000e+00
0.000000000000000000e+00
0.000000000000000000e+00
1.372500061988830566e+00
1.647000122070312500e+01
3.538125228881835938e+01
5.114250183105468750e+01
6.470999908447265625e+01
4.970250320434570312e+01
4.387500000000000000e+01
1.561500072479248047e+01
5.400000214576721191e-01
0.000000000000000000e+00
0.000000000000000000e+00
0.000000000000000000e+00
0.000000000000000000e+00
0.000000000000000000e+00
0.000000000000000000e+00
0.000000000000000000e+00
0.000000000000000000e+00
0.000000000000000000e+00
0.000000000000000000e+00
0.000000000000000000e+00
0.000000000000000000e+00
0.000000000000000000e+00
0.000000000000000000e+00
0.000000000000000000e+00
2.745000123977661133e+00
1.989000129699707031e+01
3.721500015258789062e+01
5.893875122070312500e+01
6.372000122070312500e+01
6.274125289916992188e+01
4.798125076293945312e+01
1.940625000000000000e+01
7.875000238418579102e-01
0.000000000000000000e+00
0.000000000000000000e+00
0.000000000000000000e+00
0.000000000000000000e+00
0.000000000000000000e+00
0.000000000000000000e+00
0.000000000000000000e+00
0.000000000000000000e+00
0.000000000000000000e+00
0.000000000000000000e+00
0.000000000000000000e+00
0.000000000000000000e+00
0.000000000000000000e+00
0.000000000000000000e+00
0.000000000000000000e+00
1.968750119209289551e+00
2.261250114440917969e+01
4.878000259399414062e+01
6.556500244140625000e+01
5.841000366210937500e+01
5.269500350952148438e+01
3.622500228881835938e+01
1.801125144958496094e+01
8.437500596046447754e-01
0.000000000000000000e+00
0.000000000000000000e+00
0.000000000000000000e+00
0.000000000000000000e+00
0.000000000000000000e+00
0.000000000000000000e+00
0.000000000000000000e+00
0.000000000000000000e+00
0.000000000000000000e+00
0.000000000000000000e+00
0.000000000000000000e+00
0.000000000000000000e+00
0.000000000000000000e+00
0.000000000000000000e+00
0.000000000000000000e+00
2.677500009536743164e+00
2.346750068664550781e+01
4.321125030517578125e+01
6.778125000000000000e+01
6.739875030517578125e+01
3.673125076293945312e+01
1.513125038146972656e+01
5.265000343322753906e+00
3.375000059604644775e-01
0.000000000000000000e+00
0.000000000000000000e+00
0.000000000000000000e+00
0.000000000000000000e+00
0.000000000000000000e+00
0.000000000000000000e+00
0.000000000000000000e+00
0.000000000000000000e+00
0.000000000000000000e+00
0.000000000000000000e+00
0.000000000000000000e+00
0.000000000000000000e+00
0.000000000000000000e+00
0.000000000000000000e+00
0.000000000000000000e+00
1.102500081062316895e+00
5.973750114440917969e+00
9.022500038146972656e+00
1.372500038146972656e+01
1.980000114440917969e+01
1.615500068664550781e+01
1.042875003814697266e+01
7.616250514984130859e+00
4.837500154972076416e-01
0.000000000000000000e+00
0.000000000000000000e+00
0.000000000000000000e+00
0.000000000000000000e+00
0.000000000000000000e+00
0.000000000000000000e+00
0.000000000000000000e+00
0.000000000000000000e+00
0.000000000000000000e+00
0.000000000000000000e+00
0.000000000000000000e+00
0.000000000000000000e+00
0.000000000000000000e+00
0.000000000000000000e+00
0.000000000000000000e+00
2.812500000000000000e+00
1.845000076293945312e+01
3.769875335693359375e+01
4.748625183105468750e+01
4.177125167846679688e+01
3.264750289916992188e+01
2.812500190734863281e+01
1.050750064849853516e+01
7.200000286102294922e-01
0.000000000000000000e+00
0.000000000000000000e+00
0.000000000000000000e+00
0.000000000000000000e+00
0.000000000000000000e+00
0.000000000000000000e+00
0.000000000000000000e+00
0.000000000000000000e+00
0.000000000000000000e+00
0.000000000000000000e+00
0.000000000000000000e+00
0.000000000000000000e+00
0.000000000000000000e+00
0.000000000000000000e+00
0.000000000000000000e+00
3.870000123977661133e+00
3.103875160217285156e+01
6.015375137329101562e+01
8.106750488281250000e+01
8.460000610351562500e+01
7.833375549316406250e+01
5.718375396728515625e+01
2.495250129699707031e+01
1.732500076293945312e+00
0.000000000000000000e+00
0.000000000000000000e+00
0.000000000000000000e+00
0.000000000000000000e+00
0.000000000000000000e+00
0.000000000000000000e+00
0.000000000000000000e+00
0.000000000000000000e+00
0.000000000000000000e+00
0.000000000000000000e+00
0.000000000000000000e+00
0.000000000000000000e+00
0.000000000000000000e+00
0.000000000000000000e+00
0.000000000000000000e+00
3.150000095367431641e+00
1.957500076293945312e+01
2.990250205993652344e+01
3.427875137329101562e+01
4.183875274658203125e+01
2.869875144958496094e+01
1.113750076293945312e+01
5.445000171661376953e+00
7.312500476837158203e-01
0.000000000000000000e+00
0.000000000000000000e+00
0.000000000000000000e+00
0.000000000000000000e+00
0.000000000000000000e+00
0.000000000000000000e+00
0.000000000000000000e+00
0.000000000000000000e+00
0.000000000000000000e+00
0.000000000000000000e+00
0.000000000000000000e+00
0.000000000000000000e+00
0.000000000000000000e+00
0.000000000000000000e+00
0.000000000000000000e+00
3.048750162124633789e+00
1.487250041961669922e+01
3.562874984741210938e+01
5.213250350952148438e+01
5.862375259399414062e+01
5.092875289916992188e+01
3.645000076293945312e+01
1.790999984741210938e+01
1.440000057220458984e+00
0.000000000000000000e+00
0.000000000000000000e+00
0.000000000000000000e+00
0.000000000000000000e+00
0.000000000000000000e+00
0.000000000000000000e+00
0.000000000000000000e+00
0.000000000000000000e+00
0.000000000000000000e+00
0.000000000000000000e+00
0.000000000000000000e+00
0.000000000000000000e+00
0.000000000000000000e+00
0.000000000000000000e+00
0.000000000000000000e+00
2.508750200271606445e+00
9.945000648498535156e+00
1.750500106811523438e+01
2.113875007629394531e+01
2.127375030517578125e+01
2.687625122070312500e+01
3.147750091552734375e+01
1.588500022888183594e+01
1.822500109672546387e+00
0.000000000000000000e+00
0.000000000000000000e+00
0.000000000000000000e+00
0.000000000000000000e+00
0.000000000000000000e+00
0.000000000000000000e+00
0.000000000000000000e+00
0.000000000000000000e+00
0.000000000000000000e+00
0.000000000000000000e+00
0.000000000000000000e+00
0.000000000000000000e+00
0.000000000000000000e+00
0.000000000000000000e+00
0.000000000000000000e+00
1.732500076293945312e+00
1.162125015258789062e+01
1.590750026702880859e+01
4.847625350952148438e+01
7.132500457763671875e+01
7.900875091552734375e+01
5.350500106811523438e+01
2.614500045776367188e+01
2.519999980926513672e+00
0.000000000000000000e+00
0.000000000000000000e+00
0.000000000000000000e+00
0.000000000000000000e+00
0.000000000000000000e+00
0.000000000000000000e+00
0.000000000000000000e+00
0.000000000000000000e+00
0.000000000000000000e+00
0.000000000000000000e+00
0.000000000000000000e+00
0.000000000000000000e+00
0.000000000000000000e+00
0.000000000000000000e+00
0.000000000000000000e+00
2.868750095367431641e+00
1.876500129699707031e+01
4.505625152587890625e+01
8.093250274658203125e+01
8.010000610351562500e+01
7.985250091552734375e+01
5.572125244140625000e+01
2.485125160217285156e+01
2.812500000000000000e+00
0.000000000000000000e+00
0.000000000000000000e+00
0.000000000000000000e+00
0.000000000000000000e+00
0.000000000000000000e+00
0.000000000000000000e+00
0.000000000000000000e+00
0.000000000000000000e+00
0.000000000000000000e+00
0.000000000000000000e+00
0.000000000000000000e+00
0.000000000000000000e+00
0.000000000000000000e+00
0.000000000000000000e+00
0.000000000000000000e+00
3.768750190734863281e+00
2.071125030517578125e+01
4.596750259399414062e+01
6.886125183105468750e+01
7.681500244140625000e+01
7.742250061035156250e+01
5.329125213623046875e+01
2.742750167846679688e+01
3.093750238418579102e+00
0.000000000000000000e+00
0.000000000000000000e+00
0.000000000000000000e+00
0.000000000000000000e+00
0.000000000000000000e+00
0.000000000000000000e+00
0.000000000000000000e+00
0.000000000000000000e+00
0.000000000000000000e+00
0.000000000000000000e+00
0.000000000000000000e+00
0.000000000000000000e+00
0.000000000000000000e+00
0.000000000000000000e+00
0.000000000000000000e+00
2.587500095367431641e+00
2.297250175476074219e+01
4.324500274658203125e+01
6.575625610351562500e+01
7.156125640869140625e+01
5.213250350952148438e+01
4.170375061035156250e+01
1.749375152587890625e+01
3.003750085830688477e+00
0.000000000000000000e+00
0.000000000000000000e+00
0.000000000000000000e+00
0.000000000000000000e+00
0.000000000000000000e+00
0.000000000000000000e+00
0.000000000000000000e+00
0.000000000000000000e+00
0.000000000000000000e+00
0.000000000000000000e+00
0.000000000000000000e+00
0.000000000000000000e+00
0.000000000000000000e+00
0.000000000000000000e+00
0.000000000000000000e+00
3.532500028610229492e+00
2.203875160217285156e+01
3.882375335693359375e+01
5.135625076293945312e+01
6.743250274658203125e+01
7.636500549316406250e+01
4.932000350952148438e+01
2.934000205993652344e+01
3.915000200271606445e+00
0.000000000000000000e+00
0.000000000000000000e+00
0.000000000000000000e+00
0.000000000000000000e+00
0.000000000000000000e+00
0.000000000000000000e+00
0.000000000000000000e+00
0.000000000000000000e+00
0.000000000000000000e+00
0.000000000000000000e+00
0.000000000000000000e+00
0.000000000000000000e+00
0.000000000000000000e+00
0.000000000000000000e+00
0.000000000000000000e+00
6.592500209808349609e+00
3.625875091552734375e+01
6.572250366210937500e+01
8.721000671386718750e+01
9.801000213623046875e+01
9.102375030517578125e+01
6.810750579833984375e+01
3.433500289916992188e+01
4.927500247955322266e+00
0.000000000000000000e+00
0.000000000000000000e+00
0.000000000000000000e+00
0.000000000000000000e+00
0.000000000000000000e+00
0.000000000000000000e+00
0.000000000000000000e+00
0.000000000000000000e+00
0.000000000000000000e+00
0.000000000000000000e+00
0.000000000000000000e+00
0.000000000000000000e+00
0.000000000000000000e+00
0.000000000000000000e+00
0.000000000000000000e+00
5.895000457763671875e+00
3.100500106811523438e+01
4.199625015258789062e+01
4.783500289916992188e+01
5.769000244140625000e+01
5.337000274658203125e+01
4.307625198364257812e+01
2.407500076293945312e+01
4.455000400543212891e+00
0.000000000000000000e+00
0.000000000000000000e+00
0.000000000000000000e+00
0.000000000000000000e+00
0.000000000000000000e+00
0.000000000000000000e+00
0.000000000000000000e+00
0.000000000000000000e+00
0.000000000000000000e+00
0.000000000000000000e+00
0.000000000000000000e+00
0.000000000000000000e+00
0.000000000000000000e+00
0.000000000000000000e+00
0.000000000000000000e+00
6.232500076293945312e+00
3.056625175476074219e+01
6.271875381469726562e+01
8.176500701904296875e+01
9.293625640869140625e+01
8.579250335693359375e+01
6.410250091552734375e+01
3.334500122070312500e+01
5.478750228881835938e+00
0.000000000000000000e+00
0.000000000000000000e+00
0.000000000000000000e+00
0.000000000000000000e+00
0.000000000000000000e+00
0.000000000000000000e+00
0.000000000000000000e+00
0.000000000000000000e+00
0.000000000000000000e+00
0.000000000000000000e+00
0.000000000000000000e+00
0.000000000000000000e+00
0.000000000000000000e+00
0.000000000000000000e+00
0.000000000000000000e+00
7.920000076293945312e+00
3.949875259399414062e+01
7.236000061035156250e+01
9.481500244140625000e+01
1.072912521362304688e+02
9.874125671386718750e+01
7.369875335693359375e+01
3.952125167846679688e+01
6.862500190734863281e+00
0.000000000000000000e+00
0.000000000000000000e+00
0.000000000000000000e+00
0.000000000000000000e+00
0.000000000000000000e+00
0.000000000000000000e+00
0.000000000000000000e+00
0.000000000000000000e+00
0.000000000000000000e+00
0.000000000000000000e+00
0.000000000000000000e+00
0.000000000000000000e+00
0.000000000000000000e+00
0.000000000000000000e+00
0.000000000000000000e+00
7.335000514984130859e+00
3.578625106811523438e+01
4.812750244140625000e+01
6.727500152587890625e+01
8.732250213623046875e+01
6.753375244140625000e+01
4.530375289916992188e+01
2.634750175476074219e+01
4.826250076293945312e+00
0.000000000000000000e+00
0.000000000000000000e+00
0.000000000000000000e+00
0.000000000000000000e+00
0.000000000000000000e+00
0.000000000000000000e+00
0.000000000000000000e+00
0.000000000000000000e+00
0.000000000000000000e+00
0.000000000000000000e+00
0.000000000000000000e+00
0.000000000000000000e+00
0.000000000000000000e+00
0.000000000000000000e+00
0.000000000000000000e+00
2.362500190734863281e+00
1.257750034332275391e+01
3.085875129699707031e+01
3.551625061035156250e+01
4.622625350952148438e+01
3.697875213623046875e+01
2.410875129699707031e+01
2.297250175476074219e+01
4.050000190734863281e+00
0.000000000000000000e+00
0.000000000000000000e+00
0.000000000000000000e+00
0.000000000000000000e+00
0.000000000000000000e+00
0.000000000000000000e+00
0.000000000000000000e+00
0.000000000000000000e+00
0.000000000000000000e+00
0.000000000000000000e+00
0.000000000000000000e+00
0.000000000000000000e+00
0.000000000000000000e+00
0.000000000000000000e+00
0.000000000000000000e+00
5.096250057220458984e+00
2.055375099182128906e+01
4.366125106811523438e+01
5.242500305175781250e+01
5.694750213623046875e+01
4.915125274658203125e+01
3.045375061035156250e+01
2.365875053405761719e+01
4.860000133514404297e+00
0.000000000000000000e+00
0.000000000000000000e+00
0.000000000000000000e+00
0.000000000000000000e+00
0.000000000000000000e+00
0.000000000000000000e+00
0.000000000000000000e+00
0.000000000000000000e+00
0.000000000000000000e+00
0.000000000000000000e+00
0.000000000000000000e+00
0.000000000000000000e+00
0.000000000000000000e+00
0.000000000000000000e+00
0.000000000000000000e+00
1.032750034332275391e+01
4.557375335693359375e+01
8.056125640869140625e+01
1.041525039672851562e+02
1.124100036621093750e+02
1.033200073242187500e+02
7.933500671386718750e+01
4.417875289916992188e+01
9.528750419616699219e+00
0.000000000000000000e+00
0.000000000000000000e+00
0.000000000000000000e+00
0.000000000000000000e+00
0.000000000000000000e+00
0.000000000000000000e+00
0.000000000000000000e+00
0.000000000000000000e+00
0.000000000000000000e+00
0.000000000000000000e+00
0.000000000000000000e+00
0.000000000000000000e+00
0.000000000000000000e+00
0.000000000000000000e+00
0.000000000000000000e+00
1.153125000000000000e+01
4.815000152587890625e+01
8.400375366210937500e+01
1.082250061035156250e+02
1.164150009155273438e+02
1.074150009155273438e+02
8.278874969482421875e+01
4.659750366210937500e+01
1.056375026702880859e+01
0.000000000000000000e+00
0.000000000000000000e+00
0.000000000000000000e+00
0.000000000000000000e+00
0.000000000000000000e+00
0.000000000000000000e+00
0.000000000000000000e+00
0.000000000000000000e+00
0.000000000000000000e+00
0.000000000000000000e+00
0.000000000000000000e+00
0.000000000000000000e+00
0.000000000000000000e+00
0.000000000000000000e+00
0.000000000000000000e+00
1.210500049591064453e+01
4.947750091552734375e+01
8.545500183105468750e+01
1.081350021362304688e+02
1.177762527465820312e+02
1.097325057983398438e+02
8.447624969482421875e+01
4.782375335693359375e+01
1.122750091552734375e+01
0.000000000000000000e+00
0.000000000000000000e+00
0.000000000000000000e+00
0.000000000000000000e+00
0.000000000000000000e+00
0.000000000000000000e+00
0.000000000000000000e+00
0.000000000000000000e+00
0.000000000000000000e+00
0.000000000000000000e+00
0.000000000000000000e+00
0.000000000000000000e+00
0.000000000000000000e+00
0.000000000000000000e+00
0.000000000000000000e+00
1.219500064849853516e+01
4.671000289916992188e+01
8.163000488281250000e+01
1.051650009155273438e+02
1.116900024414062500e+02
9.795375061035156250e+01
8.047125244140625000e+01
4.570875167846679688e+01
1.093500041961669922e+01
0.000000000000000000e+00
0.000000000000000000e+00
0.000000000000000000e+00
0.000000000000000000e+00
0.000000000000000000e+00
0.000000000000000000e+00
0.000000000000000000e+00
0.000000000000000000e+00
0.000000000000000000e+00
0.000000000000000000e+00
0.000000000000000000e+00
0.000000000000000000e+00
0.000000000000000000e+00
0.000000000000000000e+00
0.000000000000000000e+00
4.184999942779541016e+00
1.102500057220458984e+01
1.533375072479248047e+01
3.567375183105468750e+01
5.576625061035156250e+01
4.390875244140625000e+01
4.927500152587890625e+01
2.484000015258789062e+01
2.531250000000000000e+00
0.000000000000000000e+00
0.000000000000000000e+00
0.000000000000000000e+00
0.000000000000000000e+00
0.000000000000000000e+00
0.000000000000000000e+00
0.000000000000000000e+00
0.000000000000000000e+00
0.000000000000000000e+00
0.000000000000000000e+00
0.000000000000000000e+00
0.000000000000000000e+00
0.000000000000000000e+00
0.000000000000000000e+00
0.000000000000000000e+00
3.082500219345092773e+00
9.067500114440917969e+00
1.689750099182128906e+01
2.524500083923339844e+01
3.806999969482421875e+01
3.565125274658203125e+01
2.804625129699707031e+01
1.531125068664550781e+01
3.498750209808349609e+00
0.000000000000000000e+00
0.000000000000000000e+00
0.000000000000000000e+00
0.000000000000000000e+00
0.000000000000000000e+00
0.000000000000000000e+00
0.000000000000000000e+00
0.000000000000000000e+00
0.000000000000000000e+00
0.000000000000000000e+00
0.000000000000000000e+00
0.000000000000000000e+00
0.000000000000000000e+00
0.000000000000000000e+00
0.000000000000000000e+00
7.267500400543212891e+00
2.805750083923339844e+01
5.099625015258789062e+01
7.132500457763671875e+01
8.896500396728515625e+01
8.523000335693359375e+01
7.401375579833984375e+01
4.142250061035156250e+01
1.278000068664550781e+01
1.125000044703483582e-02
0.000000000000000000e+00
0.000000000000000000e+00
0.000000000000000000e+00
0.000000000000000000e+00
0.000000000000000000e+00
0.000000000000000000e+00
0.000000000000000000e+00
0.000000000000000000e+00
0.000000000000000000e+00
0.000000000000000000e+00
0.000000000000000000e+00
0.000000000000000000e+00
0.000000000000000000e+00
1.125000044703483582e-02
1.107000064849853516e+01
4.237874984741210938e+01
8.428500366210937500e+01
1.106550064086914062e+02
1.147387542724609375e+02
1.009687576293945312e+02
6.499124908447265625e+01
3.999375152587890625e+01
1.445625019073486328e+01
2.250000089406967163e-02
0.000000000000000000e+00
0.000000000000000000e+00
0.000000000000000000e+00
0.000000000000000000e+00
0.000000000000000000e+00
0.000000000000000000e+00
0.000000000000000000e+00
0.000000000000000000e+00
0.000000000000000000e+00
0.000000000000000000e+00
0.000000000000000000e+00
0.000000000000000000e+00
0.000000000000000000e+00
1.125000044703483582e-02
5.838750362396240234e+00
2.025000000000000000e+01
3.144375038146972656e+01
4.395375061035156250e+01
5.612625122070312500e+01
5.103000259399414062e+01
4.203000259399414062e+01
2.129625129699707031e+01
8.448750495910644531e+00
3.375000134110450745e-02
0.000000000000000000e+00
0.000000000000000000e+00
0.000000000000000000e+00
0.000000000000000000e+00
0.000000000000000000e+00
0.000000000000000000e+00
0.000000000000000000e+00
0.000000000000000000e+00
0.000000000000000000e+00
0.000000000000000000e+00
0.000000000000000000e+00
0.000000000000000000e+00
0.000000000000000000e+00
1.237500011920928955e-01
1.883250045776367188e+01
6.022125244140625000e+01
9.834750366210937500e+01
1.215562515258789062e+02
1.316925048828125000e+02
1.219837570190429688e+02
8.146125030517578125e+01
4.459500122070312500e+01
1.344375038146972656e+01
1.125000044703483582e-01
0.000000000000000000e+00
0.000000000000000000e+00
0.000000000000000000e+00
0.000000000000000000e+00
0.000000000000000000e+00
0.000000000000000000e+00
0.000000000000000000e+00
0.000000000000000000e+00
0.000000000000000000e+00
0.000000000000000000e+00
0.000000000000000000e+00
0.000000000000000000e+00
0.000000000000000000e+00
9.000000357627868652e-02
9.978750228881835938e+00
2.882250022888183594e+01
7.066125488281250000e+01
6.495750427246093750e+01
7.202249908447265625e+01
6.899625396728515625e+01
7.216875457763671875e+01
4.847625350952148438e+01
1.625625038146972656e+01
1.574999988079071045e-01
0.000000000000000000e+00
0.000000000000000000e+00
0.000000000000000000e+00
0.000000000000000000e+00
0.000000000000000000e+00
0.000000000000000000e+00
0.000000000000000000e+00
0.000000000000000000e+00
0.000000000000000000e+00
0.000000000000000000e+00
0.000000000000000000e+00
0.000000000000000000e+00
0.000000000000000000e+00
1.012500077486038208e-01
2.475000143051147461e+00
1.550250053405761719e+01
1.980000114440917969e+01
2.970000076293945312e+01
3.144375038146972656e+01
2.472750091552734375e+01
2.362500000000000000e+01
1.465875053405761719e+01
4.995000362396240234e+00
1.125000044703483582e-01
0.000000000000000000e+00
0.000000000000000000e+00
0.000000000000000000e+00
0.000000000000000000e+00
0.000000000000000000e+00
0.000000000000000000e+00
0.000000000000000000e+00
0.000000000000000000e+00
0.000000000000000000e+00
0.000000000000000000e+00
0.000000000000000000e+00
0.000000000000000000e+00
0.000000000000000000e+00
1.687500029802322388e-01
8.347500801086425781e+00
1.945125007629394531e+01
3.696750259399414062e+01
3.282750320434570312e+01
4.803750228881835938e+01
5.613750076293945312e+01
4.934250259399414062e+01
3.038625144958496094e+01
1.359000015258789062e+01
3.262500166893005371e-01
0.000000000000000000e+00
0.000000000000000000e+00
0.000000000000000000e+00
0.000000000000000000e+00
0.000000000000000000e+00
0.000000000000000000e+00
0.000000000000000000e+00
0.000000000000000000e+00
0.000000000000000000e+00
0.000000000000000000e+00
0.000000000000000000e+00
0.000000000000000000e+00
0.000000000000000000e+00
3.149999976158142090e-01
1.350000095367431641e+01
4.430250167846679688e+01
6.943500518798828125e+01
9.833625030517578125e+01
9.857250213623046875e+01
9.160875701904296875e+01
7.071750640869140625e+01
4.865625381469726562e+01
1.828125000000000000e+01
5.175000429153442383e-01
0.000000000000000000e+00
0.000000000000000000e+00
0.000000000000000000e+00
0.000000000000000000e+00
0.000000000000000000e+00
0.000000000000000000e+00
0.000000000000000000e+00
0.000000000000000000e+00
0.000000000000000000e+00
0.000000000000000000e+00
0.000000000000000000e+00
0.000000000000000000e+00
0.000000000000000000e+00
6.412500143051147461e-01
1.712250137329101562e+01
5.207625198364257812e+01
7.467750549316406250e+01
1.040962524414062500e+02
1.056600036621093750e+02
1.098675079345703125e+02
6.979500579833984375e+01
4.575375366210937500e+01
1.536750030517578125e+01
6.075000166893005371e-01
0.000000000000000000e+00
0.000000000000000000e+00
0.000000000000000000e+00
0.000000000000000000e+00
0.000000000000000000e+00
0.000000000000000000e+00
0.000000000000000000e+00
0.000000000000000000e+00
0.000000000000000000e+00
0.000000000000000000e+00
0.000000000000000000e+00
0.000000000000000000e+00
0.000000000000000000e+00
4.275000095367431641e-01
1.004625034332275391e+01
2.626875114440917969e+01
4.422375106811523438e+01
5.389875030517578125e+01
6.901875305175781250e+01
4.272750091552734375e+01
4.267125320434570312e+01
2.448000144958496094e+01
9.641250610351562500e+00
4.612500071525573730e-01
0.000000000000000000e+00
0.000000000000000000e+00
0.000000000000000000e+00
0.000000000000000000e+00
0.000000000000000000e+00
0.000000000000000000e+00
0.000000000000000000e+00
0.000000000000000000e+00
0.000000000000000000e+00
0.000000000000000000e+00
0.000000000000000000e+00
0.000000000000000000e+00
0.000000000000000000e+00
9.562500119209289551e-01
2.306250000000000000e+01
6.282000350952148438e+01
9.613125610351562500e+01
1.253700027465820312e+02
1.360912628173828125e+02
1.257525024414062500e+02
9.164250183105468750e+01
6.205500411987304688e+01
2.619000053405761719e+01
1.091250061988830566e+00
0.000000000000000000e+00
0.000000000000000000e+00
0.000000000000000000e+00
0.000000000000000000e+00
0.000000000000000000e+00
0.000000000000000000e+00
0.000000000000000000e+00
0.000000000000000000e+00
0.000000000000000000e+00
0.000000000000000000e+00
0.000000000000000000e+00
0.000000000000000000e+00
0.000000000000000000e+00
1.282500028610229492e+00
2.553750038146972656e+01
6.324750137329101562e+01
9.460125732421875000e+01
1.156275024414062500e+02
1.396462554931640625e+02
1.254375076293945312e+02
9.592875671386718750e+01
6.197625350952148438e+01
2.235375022888183594e+01
1.395000100135803223e+00
0.000000000000000000e+00
0.000000000000000000e+00
0.000000000000000000e+00
0.000000000000000000e+00
0.000000000000000000e+00
0.000000000000000000e+00
0.000000000000000000e+00
0.000000000000000000e+00
0.000000000000000000e+00
0.000000000000000000e+00
0.000000000000000000e+00
0.000000000000000000e+00
0.000000000000000000e+00
1.597500085830688477e+00
2.836125183105468750e+01
6.382125091552734375e+01
1.154362564086914062e+02
1.420987548828125000e+02
1.518525085449218750e+02
1.432912597656250000e+02
1.175175018310546875e+02
7.810874938964843750e+01
3.241125106811523438e+01
1.957500100135803223e+00
0.000000000000000000e+00
0.000000000000000000e+00
0.000000000000000000e+00
0.000000000000000000e+00
0.000000000000000000e+00
0.000000000000000000e+00
0.000000000000000000e+00
0.000000000000000000e+00
0.000000000000000000e+00
0.000000000000000000e+00
0.000000000000000000e+00
0.000000000000000000e+00
0.000000000000000000e+00
2.103749990463256836e+00
3.334500122070312500e+01
7.986375427246093750e+01
1.201162567138671875e+02
1.464975128173828125e+02
1.556212615966796875e+02
1.464075012207031250e+02
1.197112579345703125e+02
7.950375366210937500e+01
3.385124969482421875e+01
2.306250095367431641e+00
0.000000000000000000e+00
0.000000000000000000e+00
0.000000000000000000e+00
0.000000000000000000e+00
0.000000000000000000e+00
0.000000000000000000e+00
0.000000000000000000e+00
0.000000000000000000e+00
0.000000000000000000e+00
0.000000000000000000e+00
0.000000000000000000e+00
0.000000000000000000e+00
0.000000000000000000e+00
2.418750047683715820e+00
3.404249954223632812e+01
7.995375061035156250e+01
1.196212539672851562e+02
1.456087493896484375e+02
1.545525054931640625e+02
1.454287567138671875e+02
1.193512573242187500e+02
7.981875610351562500e+01
3.426750183105468750e+01
2.598750114440917969e+00
0.000000000000000000e+00
0.000000000000000000e+00
0.000000000000000000e+00
0.000000000000000000e+00
0.000000000000000000e+00
0.000000000000000000e+00
0.000000000000000000e+00
0.000000000000000000e+00
0.000000000000000000e+00
0.000000000000000000e+00
0.000000000000000000e+00
0.000000000000000000e+00
0.000000000000000000e+00
2.666249990463256836e+00
3.282750320434570312e+01
7.557749938964843750e+01
1.167300033569335938e+02
1.427512512207031250e+02
1.516050109863281250e+02
1.431000061035156250e+02
1.170112533569335938e+02
7.382250213623046875e+01
2.854125022888183594e+01
2.508750200271606445e+00
0.000000000000000000e+00
0.000000000000000000e+00
0.000000000000000000e+00
0.000000000000000000e+00
0.000000000000000000e+00
0.000000000000000000e+00
0.000000000000000000e+00
0.000000000000000000e+00
0.000000000000000000e+00
0.000000000000000000e+00
0.000000000000000000e+00
0.000000000000000000e+00
0.000000000000000000e+00
2.891250133514404297e+00
3.535875320434570312e+01
7.548750305175781250e+01
1.013850021362304688e+02
1.006425018310546875e+02
8.043750000000000000e+01
6.660000610351562500e+01
4.369500350952148438e+01
3.702375030517578125e+01
1.170000076293945312e+01
9.900000095367431641e-01
0.000000000000000000e+00
0.000000000000000000e+00
0.000000000000000000e+00
0.000000000000000000e+00
0.000000000000000000e+00
0.000000000000000000e+00
0.000000000000000000e+00
0.000000000000000000e+00
0.000000000000000000e+00
0.000000000000000000e+00
0.000000000000000000e+00
0.000000000000000000e+00
0.000000000000000000e+00
9.450000524520874023e-01
9.000000000000000000e+00
3.502125167846679688e+01
4.725000000000000000e+01
5.823000335693359375e+01
6.805125427246093750e+01
4.945500183105468750e+01
5.067000198364257812e+01
3.831750106811523438e+01
1.681875038146972656e+01
2.193750143051147461e+00
0.000000000000000000e+00
0.000000000000000000e+00
0.000000000000000000e+00
0.000000000000000000e+00
0.000000000000000000e+00
0.000000000000000000e+00
0.000000000000000000e+00
0.000000000000000000e+00
0.000000000000000000e+00
0.000000000000000000e+00
0.000000000000000000e+00
0.000000000000000000e+00
0.000000000000000000e+00
4.432500362396240234e+00
3.447000122070312500e+01
7.129125213623046875e+01
9.950625610351562500e+01
1.039612579345703125e+02
1.074262542724609375e+02
1.036462554931640625e+02
9.032625579833984375e+01
5.330250167846679688e+01
2.310750007629394531e+01
2.148750066757202148e+00
0.000000000000000000e+00
0.000000000000000000e+00
0.000000000000000000e+00
0.000000000000000000e+00
0.000000000000000000e+00
0.000000000000000000e+00
0.000000000000000000e+00
0.000000000000000000e+00
0.000000000000000000e+00
0.000000000000000000e+00
0.000000000000000000e+00
0.000000000000000000e+00
0.000000000000000000e+00
3.138750076293945312e+00
2.220750045776367188e+01
4.516875076293945312e+01
5.105250167846679688e+01
7.942500305175781250e+01
3.931875228881835938e+01
2.468250083923339844e+01
1.515375041961669922e+01
8.257500648498535156e+00
3.453750133514404297e+00
3.825000226497650146e-01
0.000000000000000000e+00
0.000000000000000000e+00
0.000000000000000000e+00
0.000000000000000000e+00
0.000000000000000000e+00
0.000000000000000000e+00
0.000000000000000000e+00
0.000000000000000000e+00
0.000000000000000000e+00
0.000000000000000000e+00
0.000000000000000000e+00
0.000000000000000000e+00
0.000000000000000000e+00
9.450000524520874023e-01
1.010249996185302734e+01
3.588750076293945312e+01
5.401125335693359375e+01
7.473374938964843750e+01
1.229512557983398438e+02
1.181137542724609375e+02
7.464375305175781250e+01
6.064875411987304688e+01
2.446875190734863281e+01
3.330000162124633789e+00
0.000000000000000000e+00
0.000000000000000000e+00
0.000000000000000000e+00
0.000000000000000000e+00
0.000000000000000000e+00
0.000000000000000000e+00
0.000000000000000000e+00
0.000000000000000000e+00
0.000000000000000000e+00
0.000000000000000000e+00
0.000000000000000000e+00
0.000000000000000000e+00
0.000000000000000000e+00
1.091250061988830566e+00
4.815000057220458984e+00
1.246500015258789062e+01
2.642625045776367188e+01
1.951875114440917969e+01
1.858500099182128906e+01
2.271375083923339844e+01
1.856250000000000000e+01
1.364625072479248047e+01
5.141250133514404297e+00
7.987500429153442383e-01
0.000000000000000000e+00
0.000000000000000000e+00
0.000000000000000000e+00
0.000000000000000000e+00
0.000000000000000000e+00
0.000000000000000000e+00
0.000000000000000000e+00
0.000000000000000000e+00
0.000000000000000000e+00
0.000000000000000000e+00
0.000000000000000000e+00
0.000000000000000000e+00
0.000000000000000000e+00
1.226250052452087402e+00
5.726250171661376953e+00
1.037250041961669922e+01
2.084625053405761719e+01
2.359125137329101562e+01
3.925125122070312500e+01
4.690125274658203125e+01
6.698250579833984375e+01
5.025375366210937500e+01
2.705625152587890625e+01
2.925000190734863281e+00
0.000000000000000000e+00
0.000000000000000000e+00
0.000000000000000000e+00
0.000000000000000000e+00
0.000000000000000000e+00
0.000000000000000000e+00
0.000000000000000000e+00
0.000000000000000000e+00
0.000000000000000000e+00
0.000000000000000000e+00
0.000000000000000000e+00
0.000000000000000000e+00
0.000000000000000000e+00
7.312500476837158203e+00
4.422375106811523438e+01
8.908875274658203125e+01
1.187775039672851562e+02
1.261125030517578125e+02
1.257525024414062500e+02
1.425937500000000000e+02
1.200712585449218750e+02
8.447624969482421875e+01
4.543875122070312500e+01
7.672500133514404297e+00
0.000000000000000000e+00
0.000000000000000000e+00
0.000000000000000000e+00
0.000000000000000000e+00
0.000000000000000000e+00
0.000000000000000000e+00
0.000000000000000000e+00
0.000000000000000000e+00
0.000000000000000000e+00
0.000000000000000000e+00
0.000000000000000000e+00
0.000000000000000000e+00
0.000000000000000000e+00
8.302500724792480469e+00
4.306500244140625000e+01
9.079875183105468750e+01
1.303875122070312500e+02
1.450350036621093750e+02
1.512787628173828125e+02
1.514812622070312500e+02
1.355287628173828125e+02
8.739000701904296875e+01
2.362500000000000000e+01
2.306250095367431641e+00
0.000000000000000000e+00
0.000000000000000000e+00
0.000000000000000000e+00
0.000000000000000000e+00
0.000000000000000000e+00
0.000000000000000000e+00
0.000000000000000000e+00
0.000000000000000000e+00
0.000000000000000000e+00
0.000000000000000000e+00
0.000000000000000000e+00
0.000000000000000000e+00
0.000000000000000000e+00
4.162500381469726562e+00
2.212875175476074219e+01
5.503500366210937500e+01
7.116750335693359375e+01
1.294537506103515625e+02
1.484662628173828125e+02
1.062112579345703125e+02
7.876125335693359375e+01
5.627250289916992188e+01
2.296125030517578125e+01
4.747500419616699219e+00
0.000000000000000000e+00
0.000000000000000000e+00
0.000000000000000000e+00
0.000000000000000000e+00
0.000000000000000000e+00
0.000000000000000000e+00
0.000000000000000000e+00
0.000000000000000000e+00
0.000000000000000000e+00
0.000000000000000000e+00
0.000000000000000000e+00
0.000000000000000000e+00
0.000000000000000000e+00
7.773750305175781250e+00
3.444750213623046875e+01
5.477625274658203125e+01
1.100137557983398438e+02
1.162350082397460938e+02
1.470149993896484375e+02
1.603575134277343750e+02
1.406025085449218750e+02
1.011712570190429688e+02
4.990500259399414062e+01
8.381250381469726562e+00
0.000000000000000000e+00
0.000000000000000000e+00
0.000000000000000000e+00
0.000000000000000000e+00
0.000000000000000000e+00
0.000000000000000000e+00
0.000000000000000000e+00
0.000000000000000000e+00
0.000000000000000000e+00
0.000000000000000000e+00
0.000000000000000000e+00
0.000000000000000000e+00
0.000000000000000000e+00
4.533750057220458984e+00
2.191500091552734375e+01
4.982625198364257812e+01
1.231987533569335938e+02
1.571062622070312500e+02
1.614375000000000000e+02
1.677037506103515625e+02
1.321762542724609375e+02
5.735250091552734375e+01
2.065500068664550781e+01
3.858750104904174805e+00
0.000000000000000000e+00
0.000000000000000000e+00
0.000000000000000000e+00
0.000000000000000000e+00
0.000000000000000000e+00
0.000000000000000000e+00
0.000000000000000000e+00
0.000000000000000000e+00
0.000000000000000000e+00
0.000000000000000000e+00
0.000000000000000000e+00
0.000000000000000000e+00
0.000000000000000000e+00
9.843750000000000000e+00
3.463875198364257812e+01
7.267500305175781250e+01
1.222650070190429688e+02
1.372500000000000000e+02
1.462162628173828125e+02
1.556887512207031250e+02
1.321875000000000000e+02
9.425250244140625000e+01
3.847500228881835938e+01
8.887500762939453125e+00
0.000000000000000000e+00
0.000000000000000000e+00
0.000000000000000000e+00
0.000000000000000000e+00
0.000000000000000000e+00
0.000000000000000000e+00
0.000000000000000000e+00
0.000000000000000000e+00
0.000000000000000000e+00
0.000000000000000000e+00
0.000000000000000000e+00
0.000000000000000000e+00
0.000000000000000000e+00
1.066499996185302734e+01
5.897250366210937500e+01
9.979875183105468750e+01
1.340774993896484375e+02
1.734862518310546875e+02
1.576687622070312500e+02
1.496925048828125000e+02
1.318387603759765625e+02
9.547875213623046875e+01
5.460750198364257812e+01
1.234125041961669922e+01
0.000000000000000000e+00
0.000000000000000000e+00
0.000000000000000000e+00
0.000000000000000000e+00
0.000000000000000000e+00
0.000000000000000000e+00
0.000000000000000000e+00
0.000000000000000000e+00
0.000000000000000000e+00
0.000000000000000000e+00
0.000000000000000000e+00
0.000000000000000000e+00
0.000000000000000000e+00
1.342125034332275391e+01
4.864500045776367188e+01
9.936000061035156250e+01
1.299375000000000000e+02
1.548562622070312500e+02
1.681087493896484375e+02
1.416262512207031250e+02
1.156050033569335938e+02
7.329375457763671875e+01
2.994750213623046875e+01
6.052500247955322266e+00
0.000000000000000000e+00
0.000000000000000000e+00
0.000000000000000000e+00
0.000000000000000000e+00
0.000000000000000000e+00
0.000000000000000000e+00
0.000000000000000000e+00
0.000000000000000000e+00
0.000000000000000000e+00
0.000000000000000000e+00
0.000000000000000000e+00
0.000000000000000000e+00
0.000000000000000000e+00
1.566000080108642578e+01
6.130125427246093750e+01
1.117012557983398438e+02
1.530900115966796875e+02
1.802025146484375000e+02
1.845112609863281250e+02
1.694812622070312500e+02
1.386450042724609375e+02
1.004512557983398438e+02
5.431500244140625000e+01
1.152000045776367188e+01
0.000000000000000000e+00
0.000000000000000000e+00
0.000000000000000000e+00
0.000000000000000000e+00
0.000000000000000000e+00
0.000000000000000000e+00
0.000000000000000000e+00
0.000000000000000000e+00
0.000000000000000000e+00
0.000000000000000000e+00
0.000000000000000000e+00
0.000000000000000000e+00
2.250000089406967163e-02
1.661625099182128906e+01
5.168250274658203125e+01
8.984250640869140625e+01
1.087200012207031250e+02
1.593562622070312500e+02
1.174612579345703125e+02
1.175175018310546875e+02
1.204875030517578125e+02
1.018350067138671875e+02
6.025500106811523438e+01
1.540125083923339844e+01
0.000000000000000000e+00
0.000000000000000000e+00
0.000000000000000000e+00
0.000000000000000000e+00
0.000000000000000000e+00
0.000000000000000000e+00
0.000000000000000000e+00
0.000000000000000000e+00
0.000000000000000000e+00
0.000000000000000000e+00
0.000000000000000000e+00
0.000000000000000000e+00
3.375000134110450745e-02
8.505000114440917969e+00
3.560625076293945312e+01
8.635500335693359375e+01
9.724500274658203125e+01
9.785250091552734375e+01
7.873875427246093750e+01
1.057950057983398438e+02
8.543250274658203125e+01
5.915250396728515625e+01
3.848625183105468750e+01
1.092375087738037109e+01
0.000000000000000000e+00
0.000000000000000000e+00
0.000000000000000000e+00
0.000000000000000000e+00
0.000000000000000000e+00
0.000000000000000000e+00
0.000000000000000000e+00
0.000000000000000000e+00
0.000000000000000000e+00
0.000000000000000000e+00
0.000000000000000000e+00
0.000000000000000000e+00
4.500000178813934326e-02
5.771250247955322266e+00
2.522250175476074219e+01
4.579875183105468750e+01
7.153874969482421875e+01
8.782875061035156250e+01
8.984250640869140625e+01
6.316875076293945312e+01
9.513000488281250000e+01
7.084125518798828125e+01
3.825000000000000000e+01
1.252125072479248047e+01
1.125000044703483582e-02
0.000000000000000000e+00
0.000000000000000000e+00
0.000000000000000000e+00
0.000000000000000000e+00
0.000000000000000000e+00
0.000000000000000000e+00
0.000000000000000000e+00
0.000000000000000000e+00
0.000000000000000000e+00
0.000000000000000000e+00
0.000000000000000000e+00
1.574999988079071045e-01
1.579500102996826172e+01
4.122000122070312500e+01
6.156000137329101562e+01
8.714250183105468750e+01
1.044675064086914062e+02
1.065600051879882812e+02
7.849125671386718750e+01
4.062375259399414062e+01
3.314250183105468750e+01
1.677375030517578125e+01
5.017500400543212891e+00
1.125000044703483582e-02
0.000000000000000000e+00
0.000000000000000000e+00
0.000000000000000000e+00
0.000000000000000000e+00
0.000000000000000000e+00
0.000000000000000000e+00
0.000000000000000000e+00
0.000000000000000000e+00
0.000000000000000000e+00
0.000000000000000000e+00
0.000000000000000000e+00
2.025000154972076416e-01
9.539999961853027344e+00
3.760875320434570312e+01
7.872750091552734375e+01
1.127812576293945312e+02
1.474762573242187500e+02
1.498162536621093750e+02
1.377000122070312500e+02
6.197625350952148438e+01
6.413625335693359375e+01
1.419750022888183594e+01
3.228750228881835938e+00
5.625000223517417908e-02
0.000000000000000000e+00
0.000000000000000000e+00
0.000000000000000000e+00
0.000000000000000000e+00
0.000000000000000000e+00
0.000000000000000000e+00
0.000000000000000000e+00
0.000000000000000000e+00
0.000000000000000000e+00
0.000000000000000000e+00
0.000000000000000000e+00
3.487500250339508057e-01
1.686375045776367188e+01
5.177250289916992188e+01
9.123750305175781250e+01
9.608625030517578125e+01
1.164825057983398438e+02
8.359875488281250000e+01
8.175375366210937500e+01
8.140500640869140625e+01
7.093125152587890625e+01
4.726125335693359375e+01
1.620000076293945312e+01
1.574999988079071045e-01
0.000000000000000000e+00
0.000000000000000000e+00
0.000000000000000000e+00
0.000000000000000000e+00
0.000000000000000000e+00
0.000000000000000000e+00
0.000000000000000000e+00
0.000000000000000000e+00
0.000000000000000000e+00
0.000000000000000000e+00
0.000000000000000000e+00
8.662500381469726562e-01
2.518875122070312500e+01
7.671375274658203125e+01
1.187775039672851562e+02
1.458675079345703125e+02
1.653750000000000000e+02
1.803487548828125000e+02
1.576012573242187500e+02
1.364962615966796875e+02
1.165837554931640625e+02
7.231500244140625000e+01
2.314125061035156250e+01
2.475000023841857910e-01
0.000000000000000000e+00
0.000000000000000000e+00
0.000000000000000000e+00
0.000000000000000000e+00
0.000000000000000000e+00
0.000000000000000000e+00
0.000000000000000000e+00
0.000000000000000000e+00
0.000000000000000000e+00
0.000000000000000000e+00
0.000000000000000000e+00
1.147500038146972656e+00
3.098250198364257812e+01
8.437500000000000000e+01
1.364175109863281250e+02
1.774800109863281250e+02
2.047500152587890625e+02
2.118712615966796875e+02
2.000250091552734375e+02
1.730700073242187500e+02
1.288462524414062500e+02
7.402500152587890625e+01
2.376000022888183594e+01
3.825000226497650146e-01
0.000000000000000000e+00
0.000000000000000000e+00
0.000000000000000000e+00
0.000000000000000000e+00
0.000000000000000000e+00
0.000000000000000000e+00
0.000000000000000000e+00
0.000000000000000000e+00
0.000000000000000000e+00
0.000000000000000000e+00
0.000000000000000000e+00
1.563750028610229492e+00
3.192750167846679688e+01
8.574750518798828125e+01
1.391175079345703125e+02
1.815862579345703125e+02
2.058750152587890625e+02
2.124225158691406250e+02
1.914300079345703125e+02
1.450462493896484375e+02
8.366625213623046875e+01
3.982500076293945312e+01
1.644750022888183594e+01
4.275000095367431641e-01
0.000000000000000000e+00
0.000000000000000000e+00
0.000000000000000000e+00
0.000000000000000000e+00
0.000000000000000000e+00
0.000000000000000000e+00
0.000000000000000000e+00
0.000000000000000000e+00
0.000000000000000000e+00
0.000000000000000000e+00
0.000000000000000000e+00
9.112500548362731934e-01
1.652625083923339844e+01
3.933000183105468750e+01
7.962750244140625000e+01
1.273500061035156250e+02
1.933650054931640625e+02
2.142000122070312500e+02
1.940850067138671875e+02
1.530000000000000000e+02
1.052887573242187500e+02
6.724124908447265625e+01
2.271375083923339844e+01
6.187500357627868652e-01
0.000000000000000000e+00
0.000000000000000000e+00
0.000000000000000000e+00
0.000000000000000000e+00
0.000000000000000000e+00
0.000000000000000000e+00
0.000000000000000000e+00
0.000000000000000000e+00
0.000000000000000000e+00
0.000000000000000000e+00
0.000000000000000000e+00
5.512500405311584473e-01
8.178750038146972656e+00
1.701000022888183594e+01
4.369500350952148438e+01
7.045875549316406250e+01
1.206675033569335938e+02
1.654650115966796875e+02
1.279912567138671875e+02
1.545525054931640625e+02
1.106100006103515625e+02
6.410250091552734375e+01
2.722500038146972656e+01
7.987500429153442383e-01
0.000000000000000000e+00
0.000000000000000000e+00
0.000000000000000000e+00
0.000000000000000000e+00
0.000000000000000000e+00
0.000000000000000000e+00
0.000000000000000000e+00
0.000000000000000000e+00
0.000000000000000000e+00
0.000000000000000000e+00
0.000000000000000000e+00
2.621250152587890625e+00
3.470625305175781250e+01
8.155125427246093750e+01
1.397137603759765625e+02
1.805062561035156250e+02
2.087212524414062500e+02
2.164500122070312500e+02
2.061112518310546875e+02
1.777387542724609375e+02
1.334025115966796875e+02
7.845750427246093750e+01
2.828250122070312500e+01
1.046249985694885254e+00
0.000000000000000000e+00
0.000000000000000000e+00
0.000000000000000000e+00
0.000000000000000000e+00
0.000000000000000000e+00
0.000000000000000000e+00
0.000000000000000000e+00
0.000000000000000000e+00
0.000000000000000000e+00
0.000000000000000000e+00
0.000000000000000000e+00
3.183750152587890625e+00
3.733875274658203125e+01
8.115750122070312500e+01
8.908875274658203125e+01
6.436125183105468750e+01
5.686875152587890625e+01
5.303250122070312500e+01
1.128712539672851562e+02
4.444875335693359375e+01
4.288500213623046875e+01
2.972250175476074219e+01
1.173375034332275391e+01
9.450000524520874023e-01
0.000000000000000000e+00
0.000000000000000000e+00
0.000000000000000000e+00
0.000000000000000000e+00
0.000000000000000000e+00
0.000000000000000000e+00
0.000000000000000000e+00
0.000000000000000000e+00
0.000000000000000000e+00
0.000000000000000000e+00
0.000000000000000000e+00
7.650000452995300293e-01
9.348750114440917969e+00
1.402875041961669922e+01
2.423250007629394531e+01
4.495500183105468750e+01
3.533625030517578125e+01
3.058875083923339844e+01
3.116250038146972656e+01
3.477375030517578125e+01
2.595375061035156250e+01
1.739249992370605469e+01
7.256250381469726562e+00
6.075000166893005371e-01
0.000000000000000000e+00
0.000000000000000000e+00
0.000000000000000000e+00
0.000000000000000000e+00
0.000000000000000000e+00
0.000000000000000000e+00
0.000000000000000000e+00
0.000000000000000000e+00
0.000000000000000000e+00
0.000000000000000000e+00
0.000000000000000000e+00
8.325000405311584473e-01
4.961250305175781250e+00
7.987500190734863281e+00
1.002375030517578125e+01
1.693125152587890625e+01
2.398500061035156250e+01
4.236750030517578125e+01
4.252500152587890625e+01
3.793500137329101562e+01
3.287250137329101562e+01
2.350125122070312500e+01
9.168750762939453125e+00
6.750000119209289551e-01
0.000000000000000000e+00
0.000000000000000000e+00
0.000000000000000000e+00
0.000000000000000000e+00
0.000000000000000000e+00
0.000000000000000000e+00
0.000000000000000000e+00
0.000000000000000000e+00
0.000000000000000000e+00
0.000000000000000000e+00
0.000000000000000000e+00
1.158750057220458984e+00
7.458750247955322266e+00
1.522125053405761719e+01
2.219625091552734375e+01
3.215250015258789062e+01
5.978250122070312500e+01
7.187625122070312500e+01
5.947875213623046875e+01
4.443750000000000000e+01
4.866750335693359375e+01
3.261375045776367188e+01
1.671750068664550781e+01
1.361250042915344238e+00
0.000000000000000000e+00
0.000000000000000000e+00
0.000000000000000000e+00
0.000000000000000000e+00
0.000000000000000000e+00
0.000000000000000000e+00
0.000000000000000000e+00
0.000000000000000000e+00
0.000000000000000000e+00
0.000000000000000000e+00
0.000000000000000000e+00
1.732500076293945312e+00
4.297500133514404297e+00
1.049625015258789062e+01
2.432250022888183594e+01
3.094875144958496094e+01
3.684375000000000000e+01
7.371000671386718750e+01
9.225000000000000000e+01
9.002250671386718750e+01
5.252625274658203125e+01
1.816875076293945312e+01
7.402500152587890625e+00
7.762500047683715820e-01
0.000000000000000000e+00
0.000000000000000000e+00
0.000000000000000000e+00
0.000000000000000000e+00
0.000000000000000000e+00
0.000000000000000000e+00
0.000000000000000000e+00
0.000000000000000000e+00
0.000000000000000000e+00
0.000000000000000000e+00
0.000000000000000000e+00
4.882500171661376953e+00
3.503250122070312500e+01
7.581375122070312500e+01
1.005750045776367188e+02
1.301512603759765625e+02
1.418512573242187500e+02
1.678725128173828125e+02
1.568812561035156250e+02
1.080337524414062500e+02
5.962500381469726562e+01
3.798000335693359375e+01
1.447875022888183594e+01
1.327500104904174805e+00
0.000000000000000000e+00
0.000000000000000000e+00
0.000000000000000000e+00
0.000000000000000000e+00
0.000000000000000000e+00
0.000000000000000000e+00
0.000000000000000000e+00
0.000000000000000000e+00
0.000000000000000000e+00
0.000000000000000000e+00
0.000000000000000000e+00
2.688750028610229492e+00
1.487250041961669922e+01
3.371625137329101562e+01
6.102000427246093750e+01
8.304750061035156250e+01
6.858000183105468750e+01
9.568125152587890625e+01
7.723125457763671875e+01
9.841500091552734375e+01
5.472000122070312500e+01
2.737125015258789062e+01
1.255500030517578125e+01
9.562500119209289551e-01
0.000000000000000000e+00
0.000000000000000000e+00
0.000000000000000000e+00
0.000000000000000000e+00
0.000000000000000000e+00
0.000000000000000000e+00
0.000000000000000000e+00
0.000000000000000000e+00
0.000000000000000000e+00
0.000000000000000000e+00
0.000000000000000000e+00
6.300000190734863281e+00
1.926000022888183594e+01
5.016375350952148438e+01
9.361125183105468750e+01
1.196775054931640625e+02
1.532475128173828125e+02
1.243687515258789062e+02
1.828462524414062500e+02
1.518750000000000000e+02
1.500750122070312500e+02
9.618750762939453125e+01
4.194000244140625000e+01
3.735000133514404297e+00
0.000000000000000000e+00
0.000000000000000000e+00
0.000000000000000000e+00
0.000000000000000000e+00
0.000000000000000000e+00
0.000000000000000000e+00
0.000000000000000000e+00
0.000000000000000000e+00
0.000000000000000000e+00
0.000000000000000000e+00
0.000000000000000000e+00
1.014750003814697266e+01
5.541750335693359375e+01
1.113862533569335938e+02
1.614262542724609375e+02
2.023425140380859375e+02
2.242125091552734375e+02
2.328637542724609375e+02
2.212875061035156250e+02
1.943212585449218750e+02
1.504800109863281250e+02
9.681750488281250000e+01
4.173750305175781250e+01
4.061250209808349609e+00
0.000000000000000000e+00
0.000000000000000000e+00
0.000000000000000000e+00
0.000000000000000000e+00
0.000000000000000000e+00
0.000000000000000000e+00
0.000000000000000000e+00
0.000000000000000000e+00
0.000000000000000000e+00
0.000000000000000000e+00
0.000000000000000000e+00
9.832500457763671875e+00
5.015250015258789062e+01
1.004512557983398438e+02
1.523475036621093750e+02
1.837237548828125000e+02
2.225250091552734375e+02
2.336850128173828125e+02
2.247187652587890625e+02
1.969537506103515625e+02
1.531012573242187500e+02
9.940500640869140625e+01
4.376250076293945312e+01
4.635000228881835938e+00
0.000000000000000000e+00
0.000000000000000000e+00
0.000000000000000000e+00
0.000000000000000000e+00
0.000000000000000000e+00
0.000000000000000000e+00
0.000000000000000000e+00
0.000000000000000000e+00
0.000000000000000000e+00
0.000000000000000000e+00
0.000000000000000000e+00
1.272375011444091797e+01
6.147000122070312500e+01
1.192612533569335938e+02
1.719787597656250000e+02
2.127937622070312500e+02
2.374762573242187500e+02
2.419650115966796875e+02
2.318175048828125000e+02
2.019150085449218750e+02
1.571737518310546875e+02
1.024425048828125000e+02
4.572000122070312500e+01
5.220000267028808594e+00
0.000000000000000000e+00
0.000000000000000000e+00
0.000000000000000000e+00
0.000000000000000000e+00
0.000000000000000000e+00
0.000000000000000000e+00
0.000000000000000000e+00
0.000000000000000000e+00
0.000000000000000000e+00
0.000000000000000000e+00
0.000000000000000000e+00
1.393875026702880859e+01
6.370875167846679688e+01
1.217025070190429688e+02
1.745662536621093750e+02
2.151337585449218750e+02
2.394450073242187500e+02
2.453175048828125000e+02
2.316375122070312500e+02
2.014087524414062500e+02
1.568700103759765625e+02
1.024200057983398438e+02
4.587750244140625000e+01
5.568750381469726562e+00
0.000000000000000000e+00
0.000000000000000000e+00
0.000000000000000000e+00
0.000000000000000000e+00
0.000000000000000000e+00
0.000000000000000000e+00
0.000000000000000000e+00
0.000000000000000000e+00
0.000000000000000000e+00
0.000000000000000000e+00
0.000000000000000000e+00
1.441125011444091797e+01
5.898375320434570312e+01
1.174950027465820312e+02
1.623825073242187500e+02
1.888875122070312500e+02
1.538325042724609375e+02
9.741375732421875000e+01
1.019475021362304688e+02
6.456375122070312500e+01
3.098250198364257812e+01
2.736000061035156250e+01
1.405125045776367188e+01
2.767500162124633789e+00
0.000000000000000000e+00
0.000000000000000000e+00
0.000000000000000000e+00
0.000000000000000000e+00
0.000000000000000000e+00
0.000000000000000000e+00
0.000000000000000000e+00
0.000000000000000000e+00
0.000000000000000000e+00
0.000000000000000000e+00
0.000000000000000000e+00
1.042875003814697266e+01
3.517875289916992188e+01
7.009875488281250000e+01
1.130512542724609375e+02
1.605487518310546875e+02
1.606725006103515625e+02
2.161575012207031250e+02
1.811475067138671875e+02
1.609706268310546875e+02
9.636750030517578125e+01
6.230250167846679688e+01
2.517750167846679688e+01
4.218750000000000000e+00
0.000000000000000000e+00
0.000000000000000000e+00
0.000000000000000000e+00
0.000000000000000000e+00
0.000000000000000000e+00
0.000000000000000000e+00
0.000000000000000000e+00
0.000000000000000000e+00
0.000000000000000000e+00
0.000000000000000000e+00
0.000000000000000000e+00
1.744875144958496094e+01
6.721875000000000000e+01
1.242337570190429688e+02
1.752862548828125000e+02
2.165625152587890625e+02
2.396137542724609375e+02
2.448112640380859375e+02
2.341912536621093750e+02
2.062012634277343750e+02
1.608750000000000000e+02
1.044000015258789062e+02
4.809375381469726562e+01
7.526250362396240234e+00
0.000000000000000000e+00
0.000000000000000000e+00
0.000000000000000000e+00
0.000000000000000000e+00
0.000000000000000000e+00
0.000000000000000000e+00
0.000000000000000000e+00
0.000000000000000000e+00
0.000000000000000000e+00
0.000000000000000000e+00
2.250000089406967163e-02
1.881000137329101562e+01
6.838875579833984375e+01
1.141762542724609375e+02
1.575337524414062500e+02
1.939162597656250000e+02
2.325375061035156250e+02
2.174962615966796875e+02
1.964362640380859375e+02
1.645875091552734375e+02
1.205775070190429688e+02
6.106500244140625000e+01
2.008125114440917969e+01
4.050000190734863281e+00
0.000000000000000000e+00
0.000000000000000000e+00
0.000000000000000000e+00
0.000000000000000000e+00
0.000000000000000000e+00
0.000000000000000000e+00
0.000000000000000000e+00
0.000000000000000000e+00
0.000000000000000000e+00
0.000000000000000000e+00
6.750000268220901489e-02
1.419750022888183594e+01
4.821750259399414062e+01
7.977375030517578125e+01
9.501750183105468750e+01
8.749125671386718750e+01
1.016662521362304688e+02
1.068187561035156250e+02
8.943750000000000000e+01
7.355250549316406250e+01
6.262875366210937500e+01
3.586500167846679688e+01
2.830500030517578125e+01
5.850000381469726562e+00
0.000000000000000000e+00
0.000000000000000000e+00
0.000000000000000000e+00
0.000000000000000000e+00
0.000000000000000000e+00
0.000000000000000000e+00
0.000000000000000000e+00
0.000000000000000000e+00
0.000000000000000000e+00
0.000000000000000000e+00
1.462500095367431641e-01
2.149875068664550781e+01
6.259500122070312500e+01
1.095525054931640625e+02
1.573537597656250000e+02
1.570612487792968750e+02
1.597162628173828125e+02
1.759612579345703125e+02
1.290262603759765625e+02
1.378912506103515625e+02
1.177312545776367188e+02
9.232875061035156250e+01
4.990500259399414062e+01
8.133749961853027344e+00
0.000000000000000000e+00
0.000000000000000000e+00
0.000000000000000000e+00
0.000000000000000000e+00
0.000000000000000000e+00
0.000000000000000000e+00
0.000000000000000000e+00
0.000000000000000000e+00
0.000000000000000000e+00
0.000000000000000000e+00
1.237500011920928955e-01
7.278750419616699219e+00
2.687625122070312500e+01
5.792625045776367188e+01
9.225000000000000000e+01
9.878625488281250000e+01
1.077637557983398438e+02
7.360874938964843750e+01
8.127000427246093750e+01
6.179625320434570312e+01
4.251937484741210938e+01
2.467125129699707031e+01
1.056375026702880859e+01
2.936250209808349609e+00
0.000000000000000000e+00
0.000000000000000000e+00
0.000000000000000000e+00
0.000000000000000000e+00
0.000000000000000000e+00
0.000000000000000000e+00
0.000000000000000000e+00
0.000000000000000000e+00
0.000000000000000000e+00
0.000000000000000000e+00
2.250000089406967163e-01
1.110375022888183594e+01
2.864250183105468750e+01
6.525000000000000000e+01
1.161675033569335938e+02
1.525387573242187500e+02
1.442250061035156250e+02
1.300612487792968750e+02
1.289925079345703125e+02
7.635375213623046875e+01
6.314625167846679688e+01
3.486375045776367188e+01
2.450250053405761719e+01
4.792500019073486328e+00
0.000000000000000000e+00
0.000000000000000000e+00
0.000000000000000000e+00
0.000000000000000000e+00
0.000000000000000000e+00
0.000000000000000000e+00
0.000000000000000000e+00
0.000000000000000000e+00
0.000000000000000000e+00
0.000000000000000000e+00
3.375000059604644775e-01
1.626749992370605469e+01
4.533750152587890625e+01
1.051200027465820312e+02
1.376662597656250000e+02
1.133550033569335938e+02
1.269450073242187500e+02
1.477125091552734375e+02
1.405462493896484375e+02
1.265625076293945312e+02
9.590625000000000000e+01
8.794125366210937500e+01
3.352500152587890625e+01
7.470000267028808594e+00
0.000000000000000000e+00
0.000000000000000000e+00
0.000000000000000000e+00
0.000000000000000000e+00
0.000000000000000000e+00
0.000000000000000000e+00
0.000000000000000000e+00
0.000000000000000000e+00
0.000000000000000000e+00
0.000000000000000000e+00
8.212500214576721191e-01
2.299500083923339844e+01
4.867875289916992188e+01
5.164875030517578125e+01
7.620750427246093750e+01
1.015875015258789062e+02
1.279575042724609375e+02
1.491187591552734375e+02
1.346175079345703125e+02
1.495125122070312500e+02
6.208875274658203125e+01
3.719250106811523438e+01
1.366875076293945312e+01
2.407500028610229492e+00
0.000000000000000000e+00
0.000000000000000000e+00
0.000000000000000000e+00
0.000000000000000000e+00
0.000000000000000000e+00
0.000000000000000000e+00
0.000000000000000000e+00
0.000000000000000000e+00
0.000000000000000000e+00
0.000000000000000000e+00
4.837500154972076416e-01
1.470375061035156250e+01
3.240000152587890625e+01
5.051250076293945312e+01
7.744499969482421875e+01
1.053112564086914062e+02
1.254375076293945312e+02
9.182250213623046875e+01
5.670000076293945312e+01
6.374250411987304688e+01
5.520375061035156250e+01
3.114000129699707031e+01
1.816875076293945312e+01
4.016250133514404297e+00
0.000000000000000000e+00
0.000000000000000000e+00
0.000000000000000000e+00
0.000000000000000000e+00
0.000000000000000000e+00
0.000000000000000000e+00
0.000000000000000000e+00
0.000000000000000000e+00
0.000000000000000000e+00
0.000000000000000000e+00
1.046249985694885254e+00
2.112750053405761719e+01
6.283125305175781250e+01
1.091250076293945312e+02
1.690537567138671875e+02
2.315137634277343750e+02
2.489062652587890625e+02
2.504925079345703125e+02
2.239650115966796875e+02
2.066625061035156250e+02
1.715850067138671875e+02
1.196550064086914062e+02
6.446250152587890625e+01
1.499625015258789062e+01
0.000000000000000000e+00
0.000000000000000000e+00
0.000000000000000000e+00
0.000000000000000000e+00
0.000000000000000000e+00
0.000000000000000000e+00
0.000000000000000000e+00
0.000000000000000000e+00
0.000000000000000000e+00
0.000000000000000000e+00
1.878750085830688477e+00
3.452625274658203125e+01
9.023625183105468750e+01
1.492875061035156250e+02
2.009812622070312500e+02
2.407950134277343750e+02
2.540250091552734375e+02
2.460262603759765625e+02
1.928025054931640625e+02
1.445287628173828125e+02
1.321312561035156250e+02
8.023500061035156250e+01
4.298625183105468750e+01
8.752500534057617188e+00
0.000000000000000000e+00
0.000000000000000000e+00
0.000000000000000000e+00
0.000000000000000000e+00
0.000000000000000000e+00
0.000000000000000000e+00
0.000000000000000000e+00
0.000000000000000000e+00
0.000000000000000000e+00
0.000000000000000000e+00
1.597500085830688477e+00
2.086875152587890625e+01
4.240125274658203125e+01
8.565750122070312500e+01
1.432125091552734375e+02
1.773675079345703125e+02
1.463625030517578125e+02
1.311862487792968750e+02
1.091812515258789062e+02
1.166400070190429688e+02
8.602875518798828125e+01
6.737625122070312500e+01
3.754125213623046875e+01
1.005750083923339844e+01
0.000000000000000000e+00
0.000000000000000000e+00
0.000000000000000000e+00
0.000000000000000000e+00
0.000000000000000000e+00
0.000000000000000000e+00
0.000000000000000000e+00
0.000000000000000000e+00
0.000000000000000000e+00
0.000000000000000000e+00
1.462500095367431641e+00
1.859625053405761719e+01
5.044500350952148438e+01
8.363249969482421875e+01
1.398150024414062500e+02
1.633162536621093750e+02
1.827450103759765625e+02
1.854675140380859375e+02
1.350562591552734375e+02
1.082700042724609375e+02
5.332500076293945312e+01
3.931875228881835938e+01
2.892375183105468750e+01
7.661250114440917969e+00
1.125000044703483582e-02
0.000000000000000000e+00
0.000000000000000000e+00
0.000000000000000000e+00
0.000000000000000000e+00
0.000000000000000000e+00
0.000000000000000000e+00
0.000000000000000000e+00
0.000000000000000000e+00
0.000000000000000000e+00
1.203750014305114746e+00
1.172250080108642578e+01
5.490000152587890625e+01
1.088437576293945312e+02
1.634175109863281250e+02
2.067750091552734375e+02
2.070787506103515625e+02
1.933762512207031250e+02
1.855012512207031250e+02
1.688850097656250000e+02
1.017337570190429688e+02
7.643812561035156250e+01
4.225500106811523438e+01
1.125000000000000000e+01
2.250000089406967163e-02
0.000000000000000000e+00
0.000000000000000000e+00
0.000000000000000000e+00
0.000000000000000000e+00
0.000000000000000000e+00
0.000000000000000000e+00
0.000000000000000000e+00
0.000000000000000000e+00
0.000000000000000000e+00
3.206250190734863281e+00
3.863249969482421875e+01
7.906500244140625000e+01
1.164825057983398438e+02
1.729350128173828125e+02
1.875037536621093750e+02
2.158875122070312500e+02
2.146837615966796875e+02
1.719787597656250000e+02
1.406362609863281250e+02
1.101262512207031250e+02
4.473000335693359375e+01
3.289500045776367188e+01
8.550000190734863281e+00
3.375000134110450745e-02
0.000000000000000000e+00
0.000000000000000000e+00
0.000000000000000000e+00
0.000000000000000000e+00
0.000000000000000000e+00
0.000000000000000000e+00
0.000000000000000000e+00
0.000000000000000000e+00
0.000000000000000000e+00
3.397500038146972656e+00
2.963250160217285156e+01
5.913000106811523438e+01
1.192950057983398438e+02
9.604125213623046875e+01
7.283250427246093750e+01
8.842500305175781250e+01
5.401125335693359375e+01
3.702375030517578125e+01
7.426125335693359375e+01
5.726250076293945312e+01
6.475500488281250000e+01
3.929625320434570312e+01
7.987500190734863281e+00
7.874999940395355225e-02
0.000000000000000000e+00
0.000000000000000000e+00
0.000000000000000000e+00
0.000000000000000000e+00
0.000000000000000000e+00
0.000000000000000000e+00
0.000000000000000000e+00
0.000000000000000000e+00
0.000000000000000000e+00
4.769999980926513672e+00
3.871125030517578125e+01
8.168625640869140625e+01
1.388250122070312500e+02
1.697175140380859375e+02
2.182837524414062500e+02
2.487375030517578125e+02
2.409750061035156250e+02
2.065612640380859375e+02
2.005425109863281250e+02
1.523587493896484375e+02
9.870750427246093750e+01
4.673250198364257812e+01
1.614375114440917969e+01
1.574999988079071045e-01
0.000000000000000000e+00
0.000000000000000000e+00
0.000000000000000000e+00
0.000000000000000000e+00
0.000000000000000000e+00
0.000000000000000000e+00
0.000000000000000000e+00
0.000000000000000000e+00
0.000000000000000000e+00
3.375000238418579102e+00
2.265750122070312500e+01
3.341250228881835938e+01
5.898375320434570312e+01
7.074000549316406250e+01
8.753625488281250000e+01
1.204875030517578125e+02
1.481850128173828125e+02
1.773000030517578125e+02
1.663425140380859375e+02
1.320299987792968750e+02
1.005637512207031250e+02
5.913000106811523438e+01
2.070000076293945312e+01
2.587500214576721191e-01
0.000000000000000000e+00
0.000000000000000000e+00
0.000000000000000000e+00
0.000000000000000000e+00
0.000000000000000000e+00
0.000000000000000000e+00
0.000000000000000000e+00
0.000000000000000000e+00
0.000000000000000000e+00
3.442500114440917969e+00
1.860750007629394531e+01
5.242500305175781250e+01
6.504750061035156250e+01
8.238375091552734375e+01
9.247500610351562500e+01
1.362150115966796875e+02
1.632150115966796875e+02
1.497375030517578125e+02
1.323000030517578125e+02
1.063462524414062500e+02
6.136875152587890625e+01
3.654000091552734375e+01
1.443375015258789062e+01
2.812500000000000000e-01
0.000000000000000000e+00
0.000000000000000000e+00
0.000000000000000000e+00
0.000000000000000000e+00
0.000000000000000000e+00
0.000000000000000000e+00
0.000000000000000000e+00
0.000000000000000000e+00
0.000000000000000000e+00
4.871250152587890625e+00
2.442375183105468750e+01
5.260500335693359375e+01
1.031175003051757812e+02
1.303312530517578125e+02
2.383762664794921875e+02
2.376675109863281250e+02
2.322000122070312500e+02
1.555537567138671875e+02
1.604137573242187500e+02
1.203412551879882812e+02
1.011937561035156250e+02
6.439500427246093750e+01
2.007000160217285156e+01
4.837500154972076416e-01
0.000000000000000000e+00
0.000000000000000000e+00
0.000000000000000000e+00
0.000000000000000000e+00
0.000000000000000000e+00
0.000000000000000000e+00
0.000000000000000000e+00
0.000000000000000000e+00
0.000000000000000000e+00
7.616250514984130859e+00
4.977000045776367188e+01
9.657000732421875000e+01
1.664212493896484375e+02
1.798875122070312500e+02
1.990125122070312500e+02
2.465100097656250000e+02
2.684700012207031250e+02
2.486925048828125000e+02
2.285550079345703125e+02
1.648125000000000000e+02
1.389375000000000000e+02
8.004375457763671875e+01
2.473875045776367188e+01
6.187500357627868652e-01
0.000000000000000000e+00
0.000000000000000000e+00
0.000000000000000000e+00
0.000000000000000000e+00
0.000000000000000000e+00
0.000000000000000000e+00
0.000000000000000000e+00
0.000000000000000000e+00
0.000000000000000000e+00
6.907500267028808594e+00
3.794625091552734375e+01
8.850375366210937500e+01
1.149187545776367188e+02
1.731937561035156250e+02
1.609762573242187500e+02
1.622137603759765625e+02
1.114762573242187500e+02
9.209250640869140625e+01
7.959375000000000000e+01
9.010125732421875000e+01
8.285625457763671875e+01
4.950000381469726562e+01
9.472500801086425781e+00
2.475000023841857910e-01
0.000000000000000000e+00
0.000000000000000000e+00
0.000000000000000000e+00
0.000000000000000000e+00
0.000000000000000000e+00
0.000000000000000000e+00
0.000000000000000000e+00
0.000000000000000000e+00
0.000000000000000000e+00
1.586250066757202148e+00
1.356750011444091797e+01
1.915875053405761719e+01
2.599875068664550781e+01
5.901750183105468750e+01
9.394875335693359375e+01
1.539787597656250000e+02
2.176650085449218750e+02
1.999125061035156250e+02
1.938262634277343750e+02
1.525725097656250000e+02
1.213650054931640625e+02
7.396875000000000000e+01
2.598750114440917969e+01
1.012500047683715820e+00
0.000000000000000000e+00
0.000000000000000000e+00
0.000000000000000000e+00
0.000000000000000000e+00
0.000000000000000000e+00
0.000000000000000000e+00
0.000000000000000000e+00
0.000000000000000000e+00
0.000000000000000000e+00
5.445000171661376953e+00
3.304125213623046875e+01
5.671125411987304688e+01
1.012050018310546875e+02
1.289475097656250000e+02
1.795387573242187500e+02
2.026800079345703125e+02
1.993500061035156250e+02
2.097675018310546875e+02
1.709100036621093750e+02
1.200543823242187500e+02
1.000350036621093750e+02
5.422500228881835938e+01
1.965375137329101562e+01
9.112500548362731934e-01
0.000000000000000000e+00
0.000000000000000000e+00
0.000000000000000000e+00
0.000000000000000000e+00
0.000000000000000000e+00
0.000000000000000000e+00
0.000000000000000000e+00
0.000000000000000000e+00
0.000000000000000000e+00
1.137375068664550781e+01
5.764500045776367188e+01
1.159650039672851562e+02
1.752862548828125000e+02
2.259675140380859375e+02
2.568262634277343750e+02
2.762887573242187500e+02
2.746912536621093750e+02
2.603812561035156250e+02
2.166075134277343750e+02
1.277662582397460938e+02
9.279000091552734375e+01
6.139687728881835938e+01
2.684250068664550781e+01
1.248750090599060059e+00
0.000000000000000000e+00
0.000000000000000000e+00
0.000000000000000000e+00
0.000000000000000000e+00
0.000000000000000000e+00
0.000000000000000000e+00
0.000000000000000000e+00
0.000000000000000000e+00
0.000000000000000000e+00
1.009125041961669922e+01
4.965750122070312500e+01
9.141750335693359375e+01
1.152112579345703125e+02
7.423875427246093750e+01
7.468875122070312500e+01
1.236600036621093750e+02
1.988887634277343750e+02
2.098012542724609375e+02
1.996875152587890625e+02
1.709437561035156250e+02
9.952875518798828125e+01
5.026500320434570312e+01
1.437750053405761719e+01
1.361250042915344238e+00
0.000000000000000000e+00
0.000000000000000000e+00
0.000000000000000000e+00
0.000000000000000000e+00
0.000000000000000000e+00
0.000000000000000000e+00
0.000000000000000000e+00
0.000000000000000000e+00
0.000000000000000000e+00
7.560000419616699219e+00
3.460499954223632812e+01
8.598375701904296875e+01
1.245375061035156250e+02
1.920037536621093750e+02
2.275425109863281250e+02
1.873237609863281250e+02
1.609312591552734375e+02
1.757925109863281250e+02
1.828912506103515625e+02
1.527075042724609375e+02
1.085400009155273438e+02
5.837625122070312500e+01
2.295000076293945312e+01
1.856250047683715820e+00
0.000000000000000000e+00
0.000000000000000000e+00
0.000000000000000000e+00
0.000000000000000000e+00
0.000000000000000000e+00
0.000000000000000000e+00
0.000000000000000000e+00
0.000000000000000000e+00
0.000000000000000000e+00
1.168875026702880859e+01
5.808375167846679688e+01
1.010025024414062500e+02
1.557112579345703125e+02
2.030962524414062500e+02
2.150100097656250000e+02
2.159100036621093750e+02
2.321662597656250000e+02
2.598300170898437500e+02
2.375775146484375000e+02
1.883362579345703125e+02
1.159312515258789062e+02
7.510500335693359375e+01
2.705625152587890625e+01
1.440000057220458984e+00
0.000000000000000000e+00
0.000000000000000000e+00
0.000000000000000000e+00
0.000000000000000000e+00
0.000000000000000000e+00
0.000000000000000000e+00
0.000000000000000000e+00
0.000000000000000000e+00
0.000000000000000000e+00
1.019250011444091797e+01
3.980250167846679688e+01
1.067287521362304688e+02
1.577587585449218750e+02
1.661512603759765625e+02
2.135812530517578125e+02
2.506612548828125000e+02
2.562750244140625000e+02
2.375887603759765625e+02
1.869750061035156250e+02
1.973250122070312500e+02
1.301512603759765625e+02
7.249500274658203125e+01
3.202875137329101562e+01
2.553750038146972656e+00
0.000000000000000000e+00
0.000000000000000000e+00
0.000000000000000000e+00
0.000000000000000000e+00
0.000000000000000000e+00
0.000000000000000000e+00
0.000000000000000000e+00
0.000000000000000000e+00
0.000000000000000000e+00
1.038374996185302734e+01
4.667625045776367188e+01
1.151887512207031250e+02
1.587375030517578125e+02
1.619662628173828125e+02
2.218837585449218750e+02
1.400175018310546875e+02
2.062462615966796875e+02
1.460250091552734375e+02
1.398037567138671875e+02
9.733500671386718750e+01
9.409500122070312500e+01
5.753812789916992188e+01
2.652750015258789062e+01
2.621250152587890625e+00
0.000000000000000000e+00
0.000000000000000000e+00
0.000000000000000000e+00
0.000000000000000000e+00
0.000000000000000000e+00
0.000000000000000000e+00
0.000000000000000000e+00
0.000000000000000000e+00
3.375000134110450745e-02
1.788750076293945312e+01
6.790500640869140625e+01
1.250662536621093750e+02
1.752862548828125000e+02
2.253150024414062500e+02
2.575574951171875000e+02
2.162137603759765625e+02
2.205787658691406250e+02
1.626187591552734375e+02
1.392300109863281250e+02
1.821150054931640625e+02
1.422731323242187500e+02
9.227812957763671875e+01
3.732750320434570312e+01
3.240000247955322266e+00
0.000000000000000000e+00
0.000000000000000000e+00
0.000000000000000000e+00
0.000000000000000000e+00
0.000000000000000000e+00
0.000000000000000000e+00
0.000000000000000000e+00
0.000000000000000000e+00
7.312500476837158203e-02
1.793250083923339844e+01
6.222375106811523438e+01
1.180462570190429688e+02
1.782787628173828125e+02
2.199825134277343750e+02
2.386237640380859375e+02
2.079562530517578125e+02
1.562062530517578125e+02
1.124550018310546875e+02
8.060625457763671875e+01
7.402500152587890625e+01
5.076000213623046875e+01
2.728125190734863281e+01
1.553625106811523438e+01
1.642500042915344238e+00
0.000000000000000000e+00
0.000000000000000000e+00
0.000000000000000000e+00
0.000000000000000000e+00
0.000000000000000000e+00
0.000000000000000000e+00
0.000000000000000000e+00
0.000000000000000000e+00
6.750000268220901489e-02
5.388750076293945312e+00
1.289250087738037109e+01
3.786750030517578125e+01
2.232000160217285156e+01
3.093750190734863281e+01
4.658625030517578125e+01
6.782625579833984375e+01
9.480375671386718750e+01
1.415700073242187500e+02
1.046362533569335938e+02
7.940250396728515625e+01
5.108625030517578125e+01
3.070125198364257812e+01
1.757250022888183594e+01
2.272500038146972656e+00
0.000000000000000000e+00
0.000000000000000000e+00
0.000000000000000000e+00
0.000000000000000000e+00
0.000000000000000000e+00
0.000000000000000000e+00
0.000000000000000000e+00
0.000000000000000000e+00
1.800000071525573730e-01
1.440000057220458984e+01
4.522500228881835938e+01
1.200037536621093750e+02
1.752862548828125000e+02
2.199600067138671875e+02
2.489962615966796875e+02
2.224125061035156250e+02
2.179462585449218750e+02
1.895625000000000000e+02
1.650825042724609375e+02
1.326825103759765625e+02
8.544375610351562500e+01
5.684625244140625000e+01
1.711124992370605469e+01
2.475000143051147461e+00
0.000000000000000000e+00
0.000000000000000000e+00
0.000000000000000000e+00
0.000000000000000000e+00
0.000000000000000000e+00
0.000000000000000000e+00
0.000000000000000000e+00
0.000000000000000000e+00
5.625000223517417908e-02
2.677500009536743164e+00
1.154250049591064453e+01
1.755000114440917969e+01
3.245625305175781250e+01
5.307750320434570312e+01
7.629750061035156250e+01
8.543250274658203125e+01
8.219250488281250000e+01
5.889375305175781250e+01
5.128875350952148438e+01
5.189625167846679688e+01
3.898125076293945312e+01
1.956375122070312500e+01
1.017000007629394531e+01
6.637500524520874023e-01
0.000000000000000000e+00
0.000000000000000000e+00
0.000000000000000000e+00
0.000000000000000000e+00
0.000000000000000000e+00
0.000000000000000000e+00
0.000000000000000000e+00
0.000000000000000000e+00
1.068750023841857910e-01
5.602500438690185547e+00
1.199250030517578125e+01
1.794375038146972656e+01
3.066750144958496094e+01
3.205125045776367188e+01
4.595625305175781250e+01
5.701500320434570312e+01
6.018750381469726562e+01
7.205625152587890625e+01
6.953625488281250000e+01
6.003000259399414062e+01
4.331250000000000000e+01
2.527875137329101562e+01
1.047375011444091797e+01
3.003750085830688477e+00
0.000000000000000000e+00
0.000000000000000000e+00
0.000000000000000000e+00
0.000000000000000000e+00
0.000000000000000000e+00
0.000000000000000000e+00
0.000000000000000000e+00
0.000000000000000000e+00
2.362500131130218506e-01
8.651249885559082031e+00
2.453625106811523438e+01
4.309875106811523438e+01
7.499250030517578125e+01
1.051650009155273438e+02
1.422000122070312500e+02
1.341225128173828125e+02
1.412550048828125000e+02
1.039275054931640625e+02
1.004625015258789062e+02
1.340437622070312500e+02
1.259437561035156250e+02
7.246125030517578125e+01
3.594375228881835938e+01
4.477499961853027344e+00
0.000000000000000000e+00
0.000000000000000000e+00
0.000000000000000000e+00
0.000000000000000000e+00
0.000000000000000000e+00
0.000000000000000000e+00
0.000000000000000000e+00
0.000000000000000000e+00
3.937500119209289551e-01
9.416250228881835938e+00
2.598750114440917969e+01
4.857750320434570312e+01
6.742124938964843750e+01
9.171000671386718750e+01
1.044675064086914062e+02
1.239975051879882812e+02
1.749150085449218750e+02
2.364075164794921875e+02
2.131762542724609375e+02
1.581637573242187500e+02
1.139062576293945312e+02
7.318125152587890625e+01
2.957625198364257812e+01
4.331250190734863281e+00
0.000000000000000000e+00
0.000000000000000000e+00
0.000000000000000000e+00
0.000000000000000000e+00
0.000000000000000000e+00
0.000000000000000000e+00
0.000000000000000000e+00
0.000000000000000000e+00
5.850000381469726562e-01
1.447875022888183594e+01
4.372875213623046875e+01
9.888750457763671875e+01
1.320525054931640625e+02
1.709325103759765625e+02
1.733287506103515625e+02
1.443262481689453125e+02
1.182712554931640625e+02
1.146712570190429688e+02
7.880625152587890625e+01
5.050125122070312500e+01
3.834000015258789062e+01
1.668375015258789062e+01
8.448750495910644531e+00
1.507500052452087402e+00
0.000000000000000000e+00
0.000000000000000000e+00
0.000000000000000000e+00
0.000000000000000000e+00
0.000000000000000000e+00
0.000000000000000000e+00
0.000000000000000000e+00
0.000000000000000000e+00
4.725000262260437012e-01
1.287000083923339844e+01
3.727125167846679688e+01
2.542500114440917969e+01
4.746375274658203125e+01
7.319250488281250000e+01
1.267425079345703125e+02
1.789762573242187500e+02
2.027812652587890625e+02
1.740825042724609375e+02
1.905862579345703125e+02
1.542825012207031250e+02
9.306000518798828125e+01
5.846625137329101562e+01
3.598875045776367188e+01
5.411250114440917969e+00
0.000000000000000000e+00
0.000000000000000000e+00
0.000000000000000000e+00
0.000000000000000000e+00
0.000000000000000000e+00
0.000000000000000000e+00
0.000000000000000000e+00
0.000000000000000000e+00
1.012500047683715820e+00
2.572875022888183594e+01
7.553250122070312500e+01
1.194187545776367188e+02
1.666800079345703125e+02
2.180025024414062500e+02
2.464650115966796875e+02
2.133337554931640625e+02
2.397937622070312500e+02
2.095987548828125000e+02
1.685700073242187500e+02
1.326712493896484375e+02
1.162687530517578125e+02
8.537625122070312500e+01
4.010625076293945312e+01
6.131250381469726562e+00
0.000000000000000000e+00
0.000000000000000000e+00
0.000000000000000000e+00
0.000000000000000000e+00
0.000000000000000000e+00
0.000000000000000000e+00
0.000000000000000000e+00
0.000000000000000000e+00
1.423125028610229492e+00
2.890125083923339844e+01
8.118000030517578125e+01
1.407375030517578125e+02
1.984162597656250000e+02
2.473650054931640625e+02
2.665575256347656250e+02
2.974500122070312500e+02
2.977537536621093750e+02
2.826787719726562500e+02
2.255062561035156250e+02
1.927350006103515625e+02
1.419862518310546875e+02
7.984125518798828125e+01
3.922875213623046875e+01
6.322500228881835938e+00
0.000000000000000000e+00
0.000000000000000000e+00
0.000000000000000000e+00
0.000000000000000000e+00
0.000000000000000000e+00
0.000000000000000000e+00
0.000000000000000000e+00
0.000000000000000000e+00
1.091250061988830566e+00
1.681875038146972656e+01
5.686875152587890625e+01
7.432875061035156250e+01
1.158975067138671875e+02
1.318950042724609375e+02
1.549800109863281250e+02
2.113425140380859375e+02
1.592437591552734375e+02
1.545187530517578125e+02
1.358212585449218750e+02
8.721000671386718750e+01
5.802750396728515625e+01
4.020750045776367188e+01
2.063250160217285156e+01
5.242500305175781250e+00
0.000000000000000000e+00
0.000000000000000000e+00
0.000000000000000000e+00
0.000000000000000000e+00
0.000000000000000000e+00
0.000000000000000000e+00
0.000000000000000000e+00
0.000000000000000000e+00
1.710000038146972656e+00
2.409750175476074219e+01
6.744375610351562500e+01
1.266412582397460938e+02
1.795725097656250000e+02
2.219737548828125000e+02
2.614612731933593750e+02
2.610450134277343750e+02
2.470950164794921875e+02
1.893487548828125000e+02
1.880775146484375000e+02
1.787625122070312500e+02
1.141875076293945312e+02
6.376500320434570312e+01
3.341250228881835938e+01
7.121250152587890625e+00
0.000000000000000000e+00
0.000000000000000000e+00
0.000000000000000000e+00
0.000000000000000000e+00
0.000000000000000000e+00
0.000000000000000000e+00
0.000000000000000000e+00
0.000000000000000000e+00
1.631250023841857910e+00
1.928250122070312500e+01
4.980375289916992188e+01
7.374375152587890625e+01
5.897250366210937500e+01
7.797375488281250000e+01
1.227375030517578125e+02
2.098912658691406250e+02
2.491312561035156250e+02
1.926112518310546875e+02
2.120850067138671875e+02
1.624500122070312500e+02
1.181418762207031250e+02
8.019000244140625000e+01
2.968875122070312500e+01
6.705000400543212891e+00
0.000000000000000000e+00
0.000000000000000000e+00
0.000000000000000000e+00
0.000000000000000000e+00
0.000000000000000000e+00
0.000000000000000000e+00
0.000000000000000000e+00
0.000000000000000000e+00
2.171250104904174805e+00
2.848500061035156250e+01
7.427250671386718750e+01
1.036350021362304688e+02
1.420312500000000000e+02
1.853662567138671875e+02
2.339550018310546875e+02
2.435175170898437500e+02
2.294437561035156250e+02
2.591662597656250000e+02
1.887075042724609375e+02
1.434150085449218750e+02
1.259212570190429688e+02
8.764312744140625000e+01
3.722624969482421875e+01
9.911250114440917969e+00
0.000000000000000000e+00
0.000000000000000000e+00
0.000000000000000000e+00
0.000000000000000000e+00
0.000000000000000000e+00
0.000000000000000000e+00
0.000000000000000000e+00
0.000000000000000000e+00
2.205000162124633789e+00
2.461500167846679688e+01
7.733250427246093750e+01
1.253250045776367188e+02
1.738350067138671875e+02
1.946475067138671875e+02
2.592787475585937500e+02
2.810475158691406250e+02
2.577937622070312500e+02
2.705287475585937500e+02
2.288925018310546875e+02
2.048850097656250000e+02
1.436175079345703125e+02
6.553125000000000000e+01
2.208375167846679688e+01
2.508750200271606445e+00
0.000000000000000000e+00
0.000000000000000000e+00
0.000000000000000000e+00
0.000000000000000000e+00
0.000000000000000000e+00
0.000000000000000000e+00
0.000000000000000000e+00
0.000000000000000000e+00
1.800000071525573730e+00
2.202750015258789062e+01
7.570125579833984375e+01
1.127812576293945312e+02
1.825875091552734375e+02
2.360025024414062500e+02
2.700562744140625000e+02
2.937937622070312500e+02
2.964937744140625000e+02
2.616300048828125000e+02
2.223787536621093750e+02
1.604193878173828125e+02
1.044337539672851562e+02
7.510500335693359375e+01
4.936500167846679688e+01
1.053000068664550781e+01
0.000000000000000000e+00
0.000000000000000000e+00
0.000000000000000000e+00
0.000000000000000000e+00
0.000000000000000000e+00
0.000000000000000000e+00
0.000000000000000000e+00
0.000000000000000000e+00
2.958750009536743164e+00
3.260250091552734375e+01
8.274375152587890625e+01
1.389375000000000000e+02
1.940400085449218750e+02
2.403450164794921875e+02
2.692462463378906250e+02
2.948512573242187500e+02
2.988675231933593750e+02
2.624512634277343750e+02
2.188687591552734375e+02
1.639406280517578125e+02
1.129950027465820312e+02
7.639875030517578125e+01
3.947624969482421875e+01
8.977499961853027344e+00
0.000000000000000000e+00
0.000000000000000000e+00
0.000000000000000000e+00
0.000000000000000000e+00
0.000000000000000000e+00
0.000000000000000000e+00
0.000000000000000000e+00
0.000000000000000000e+00
2.801250219345092773e+00
2.491875076293945312e+01
5.279625320434570312e+01
7.751250457763671875e+01
8.190000152587890625e+01
1.911712646484375000e+02
1.823062591552734375e+02
2.166975097656250000e+02
2.418750152587890625e+02
1.760962524414062500e+02
1.279237518310546875e+02
1.088381271362304688e+02
4.627125167846679688e+01
1.284750080108642578e+01
6.187500476837158203e+00
1.293750047683715820e+00
0.000000000000000000e+00
0.000000000000000000e+00
0.000000000000000000e+00
0.000000000000000000e+00
0.000000000000000000e+00
0.000000000000000000e+00
0.000000000000000000e+00
0.000000000000000000e+00
3.363750219345092773e+00
3.422249984741210938e+01
8.546625518798828125e+01
1.172137527465820312e+02
1.482300109863281250e+02
1.825425109863281250e+02
1.575450134277343750e+02
1.750050048828125000e+02
1.883925018310546875e+02
1.225350036621093750e+02
1.129275054931640625e+02
1.188787536621093750e+02
6.920999908447265625e+01
6.927750396728515625e+01
3.568500137329101562e+01
9.686250686645507812e+00
0.000000000000000000e+00
0.000000000000000000e+00
0.000000000000000000e+00
0.000000000000000000e+00
0.000000000000000000e+00
0.000000000000000000e+00
0.000000000000000000e+00
0.000000000000000000e+00
3.729375123977661133e+00
3.426750183105468750e+01
7.239375305175781250e+01
1.116112518310546875e+02
1.686937561035156250e+02
2.393662567138671875e+02
2.687737731933593750e+02
2.282400054931640625e+02
1.682437591552734375e+02
1.332787628173828125e+02
1.061100006103515625e+02
1.185412521362304688e+02
9.136688232421875000e+01
6.567750549316406250e+01
3.339000320434570312e+01
1.134000015258789062e+01
1.125000044703483582e-02
0.000000000000000000e+00
0.000000000000000000e+00
0.000000000000000000e+00
0.000000000000000000e+00
0.000000000000000000e+00
0.000000000000000000e+00
0.000000000000000000e+00
3.391875028610229492e+00
2.693250083923339844e+01
6.178500366210937500e+01
1.224225082397460938e+02
1.710337524414062500e+02
2.293650054931640625e+02
2.580299987792968750e+02
2.698762512207031250e+02
2.267437591552734375e+02
2.109262542724609375e+02
2.169225158691406250e+02
1.590862579345703125e+02
9.895500183105468750e+01
6.235875320434570312e+01
3.180375099182128906e+01
1.321875095367431641e+01
2.250000089406967163e-02
0.000000000000000000e+00
0.000000000000000000e+00
0.000000000000000000e+00
0.000000000000000000e+00
0.000000000000000000e+00
0.000000000000000000e+00
0.000000000000000000e+00
3.189375162124633789e+00
2.471625137329101562e+01
6.593625640869140625e+01
1.150087509155273438e+02
1.708537597656250000e+02
2.068762512207031250e+02
2.697750244140625000e+02
2.277000122070312500e+02
2.062912597656250000e+02
1.990125122070312500e+02
1.771987609863281250e+02
1.199925079345703125e+02
8.419499969482421875e+01
8.111250305175781250e+01
4.938750076293945312e+01
7.965000152587890625e+00
3.375000134110450745e-02
0.000000000000000000e+00
0.000000000000000000e+00
0.000000000000000000e+00
0.000000000000000000e+00
0.000000000000000000e+00
0.000000000000000000e+00
0.000000000000000000e+00
3.881250143051147461e+00
3.138750076293945312e+01
8.713125610351562500e+01
1.368562622070312500e+02
1.789987640380859375e+02
1.734412536621093750e+02
1.307587585449218750e+02
1.138500061035156250e+02
1.378125000000000000e+02
1.300725097656250000e+02
1.044787521362304688e+02
9.245250701904296875e+01
5.836500167846679688e+01
4.275562667846679688e+01
1.306125068664550781e+01
5.996250152587890625e+00
2.250000089406967163e-02
0.000000000000000000e+00
0.000000000000000000e+00
0.000000000000000000e+00
0.000000000000000000e+00
0.000000000000000000e+00
0.000000000000000000e+00
0.000000000000000000e+00
2.694375038146972656e+00
2.584125137329101562e+01
6.630750274658203125e+01
8.284500122070312500e+01
1.107675018310546875e+02
1.178550033569335938e+02
1.478587493896484375e+02
1.671637573242187500e+02
1.844212646484375000e+02
1.897200012207031250e+02
1.618312530517578125e+02
1.057050018310546875e+02
6.781500244140625000e+01
4.581000137329101562e+01
1.779750061035156250e+01
7.076250076293945312e+00
5.625000223517417908e-02
0.000000000000000000e+00
0.000000000000000000e+00
0.000000000000000000e+00
0.000000000000000000e+00
0.000000000000000000e+00
0.000000000000000000e+00
0.000000000000000000e+00
4.657500267028808594e+00
3.544874954223632812e+01
8.250749969482421875e+01
1.299150085449218750e+02
1.746787567138671875e+02
2.341012573242187500e+02
2.773350219726562500e+02
3.041887512207031250e+02
2.953350219726562500e+02
2.758275146484375000e+02
2.130862579345703125e+02
1.670175018310546875e+02
1.239637527465820312e+02
9.259875488281250000e+01
5.540625381469726562e+01
1.635750007629394531e+01
1.462500095367431641e-01
0.000000000000000000e+00
0.000000000000000000e+00
0.000000000000000000e+00
0.000000000000000000e+00
0.000000000000000000e+00
0.000000000000000000e+00
0.000000000000000000e+00
5.490000247955322266e+00
3.920625305175781250e+01
9.078750610351562500e+01
1.479262542724609375e+02
2.032200012207031250e+02
2.505712585449218750e+02
2.859862670898437500e+02
3.053925170898437500e+02
3.049762573242187500e+02
2.952000122070312500e+02
2.667375183105468750e+02
2.216700134277343750e+02
1.719675140380859375e+02
1.150537567138671875e+02
6.032250213623046875e+01
1.731375122070312500e+01
1.912500113248825073e-01
0.000000000000000000e+00
0.000000000000000000e+00
0.000000000000000000e+00
0.000000000000000000e+00
0.000000000000000000e+00
0.000000000000000000e+00
0.000000000000000000e+00
5.827500343322753906e+00
3.990375137329101562e+01
8.905500030517578125e+01
1.457775115966796875e+02
1.981575012207031250e+02
2.499637603759765625e+02
2.842537536621093750e+02
2.958862609863281250e+02
2.832075195312500000e+02
2.700000000000000000e+02
2.342700042724609375e+02
1.847475128173828125e+02
1.189462509155273438e+02
8.069062805175781250e+01
5.180625152587890625e+01
1.621125030517578125e+01
2.475000023841857910e-01
0.000000000000000000e+00
0.000000000000000000e+00
0.000000000000000000e+00
0.000000000000000000e+00
0.000000000000000000e+00
0.000000000000000000e+00
0.000000000000000000e+00
5.298750400543212891e+00
3.274875259399414062e+01
7.822125244140625000e+01
1.031175003051757812e+02
1.660162506103515625e+02
1.782787628173828125e+02
2.514150085449218750e+02
2.686837463378906250e+02
2.816887512207031250e+02
2.644875183105468750e+02
2.109262542724609375e+02
1.723950042724609375e+02
1.413675079345703125e+02
9.451125335693359375e+01
5.595750045776367188e+01
1.487250041961669922e+01
2.700000107288360596e-01
0.000000000000000000e+00
0.000000000000000000e+00
0.000000000000000000e+00
0.000000000000000000e+00
0.000000000000000000e+00
0.000000000000000000e+00
0.000000000000000000e+00
5.810625076293945312e+00
3.786750030517578125e+01
8.411625671386718750e+01
5.806125259399414062e+01
1.017112503051757812e+02
2.133562622070312500e+02
1.782787628173828125e+02
1.943212585449218750e+02
2.569500122070312500e+02
2.076862640380859375e+02
1.948275146484375000e+02
1.686150054931640625e+02
5.737500381469726562e+01
6.302812576293945312e+01
5.052375030517578125e+01
1.467000102996826172e+01
2.925000190734863281e-01
0.000000000000000000e+00
0.000000000000000000e+00
0.000000000000000000e+00
0.000000000000000000e+00
0.000000000000000000e+00
0.000000000000000000e+00
0.000000000000000000e+00
4.865625381469726562e+00
3.042000198364257812e+01
8.192250061035156250e+01
1.347862548828125000e+02
1.748812561035156250e+02
1.957612609863281250e+02
1.615387573242187500e+02
1.539112548828125000e+02
1.290487518310546875e+02
2.056500091552734375e+02
1.364737548828125000e+02
1.361475067138671875e+02
1.426725006103515625e+02
1.006650009155273438e+02
5.151375198364257812e+01
1.757250022888183594e+01
3.937500119209289551e-01
0.000000000000000000e+00
0.000000000000000000e+00
0.000000000000000000e+00
0.000000000000000000e+00
0.000000000000000000e+00
0.000000000000000000e+00
0.000000000000000000e+00
6.575625419616699219e+00
4.064625167846679688e+01
9.227250671386718750e+01
1.505475006103515625e+02
2.052900085449218750e+02
2.517300109863281250e+02
2.862000122070312500e+02
3.100050048828125000e+02
2.548687591552734375e+02
2.925000000000000000e+02
2.609550170898437500e+02
2.031412506103515625e+02
1.563862609863281250e+02
1.076118774414062500e+02
6.455250549316406250e+01
2.012625122070312500e+01
5.062500238418579102e-01
0.000000000000000000e+00
0.000000000000000000e+00
0.000000000000000000e+00
0.000000000000000000e+00
0.000000000000000000e+00
0.000000000000000000e+00
0.000000000000000000e+00
6.856875419616699219e+00
3.942000198364257812e+01
8.701875305175781250e+01
9.870750427246093750e+01
1.498387603759765625e+02
1.997887573242187500e+02
2.427525024414062500e+02
2.509762573242187500e+02
2.507175140380859375e+02
2.323575134277343750e+02
1.564987487792968750e+02
1.409062500000000000e+02
9.000000000000000000e+01
7.560000610351562500e+01
3.996000289916992188e+01
1.337625026702880859e+01
4.387500286102294922e-01
0.000000000000000000e+00
0.000000000000000000e+00
0.000000000000000000e+00
0.000000000000000000e+00
0.000000000000000000e+00
0.000000000000000000e+00
0.000000000000000000e+00
5.281875133514404297e+00
3.249000167846679688e+01
6.392250442504882812e+01
1.194637527465820312e+02
1.111275024414062500e+02
1.981912536621093750e+02
2.325037536621093750e+02
2.247300109863281250e+02
1.292962493896484375e+02
1.968975067138671875e+02
1.861875000000000000e+02
1.140637512207031250e+02
6.481124877929687500e+01
3.990375137329101562e+01
3.898125076293945312e+01
6.772500038146972656e+00
4.725000262260437012e-01
0.000000000000000000e+00
0.000000000000000000e+00
0.000000000000000000e+00
0.000000000000000000e+00
0.000000000000000000e+00
0.000000000000000000e+00
0.000000000000000000e+00
1.968750119209289551e+00
3.431250095367431641e+00
5.006250381469726562e+00
1.715625000000000000e+01
2.170125007629394531e+01
2.724750137329101562e+01
6.656625366210937500e+01
1.481850128173828125e+02
1.910025024414062500e+02
2.608200073242187500e+02
2.360812530517578125e+02
1.738350067138671875e+02
1.216012573242187500e+02
7.968937683105468750e+01
4.519125366210937500e+01
1.489500045776367188e+01
6.412500143051147461e-01
0.000000000000000000e+00
0.000000000000000000e+00
0.000000000000000000e+00
0.000000000000000000e+00
0.000000000000000000e+00
0.000000000000000000e+00
0.000000000000000000e+00
5.917500019073486328e+00
2.434500122070312500e+01
5.477625274658203125e+01
5.925375366210937500e+01
9.078750610351562500e+01
1.454062500000000000e+02
1.395000000000000000e+02
1.682775115966796875e+02
1.961325073242187500e+02
2.428987579345703125e+02
1.798087615966796875e+02
8.519625091552734375e+01
3.789000320434570312e+01
4.153499984741210938e+01
3.277125167846679688e+01
1.584000015258789062e+01
5.287500023841857910e-01
0.000000000000000000e+00
0.000000000000000000e+00
0.000000000000000000e+00
0.000000000000000000e+00
0.000000000000000000e+00
0.000000000000000000e+00
0.000000000000000000e+00
7.222500324249267578e+00
3.965625000000000000e+01
8.764875030517578125e+01
1.273275070190429688e+02
1.883475036621093750e+02
2.093850097656250000e+02
2.432137603759765625e+02
2.850750122070312500e+02
2.143012542724609375e+02
1.772550048828125000e+02
8.332875061035156250e+01
4.528125000000000000e+01
8.002125549316406250e+01
7.278750610351562500e+01
3.323250198364257812e+01
9.270000457763671875e+00
4.612500071525573730e-01
0.000000000000000000e+00
0.000000000000000000e+00
0.000000000000000000e+00
0.000000000000000000e+00
0.000000000000000000e+00
0.000000000000000000e+00
0.000000000000000000e+00
6.502500057220458984e+00
3.744000244140625000e+01
8.341875457763671875e+01
1.217137527465820312e+02
1.756012573242187500e+02
2.041875152587890625e+02
2.646675109863281250e+02
2.836462707519531250e+02
2.826112670898437500e+02
2.826337585449218750e+02
2.472300109863281250e+02
1.687612609863281250e+02
1.193737564086914062e+02
1.064081268310546875e+02
6.031687927246093750e+01
1.117125034332275391e+01
5.962499976158142090e-01
0.000000000000000000e+00
0.000000000000000000e+00
0.000000000000000000e+00
0.000000000000000000e+00
0.000000000000000000e+00
0.000000000000000000e+00
0.000000000000000000e+00
6.052500247955322266e+00
2.489625167846679688e+01
5.104125213623046875e+01
5.873625183105468750e+01
1.495462493896484375e+02
1.695825042724609375e+02
1.339762573242187500e+02
1.683675079345703125e+02
2.384100036621093750e+02
1.734524993896484375e+02
1.543050079345703125e+02
1.196550064086914062e+02
1.148625030517578125e+02
9.878625488281250000e+01
4.433625030517578125e+01
1.834875106811523438e+01
1.023750066757202148e+00
0.000000000000000000e+00
0.000000000000000000e+00
0.000000000000000000e+00
0.000000000000000000e+00
0.000000000000000000e+00
0.000000000000000000e+00
0.000000000000000000e+00
7.880625247955322266e+00
4.221000289916992188e+01
9.328500366210937500e+01
1.492875061035156250e+02
2.045925140380859375e+02
2.515050048828125000e+02
2.761762695312500000e+02
2.485912628173828125e+02
2.407500152587890625e+02
2.077875061035156250e+02
1.218037567138671875e+02
5.515875244140625000e+01
5.611500167846679688e+01
7.212937927246093750e+01
4.120312500000000000e+01
9.472500801086425781e+00
6.525000333786010742e-01
0.000000000000000000e+00
0.000000000000000000e+00
0.000000000000000000e+00
0.000000000000000000e+00
0.000000000000000000e+00
0.000000000000000000e+00
0.000000000000000000e+00
7.785000324249267578e+00
4.370625305175781250e+01
9.577125549316406250e+01
1.516950073242187500e+02
1.863562622070312500e+02
2.030175018310546875e+02
2.137950134277343750e+02
2.051437530517578125e+02
2.287237548828125000e+02
1.874700012207031250e+02
1.399950103759765625e+02
1.493775024414062500e+02
9.973125457763671875e+01
7.106063079833984375e+01
2.721937561035156250e+01
8.887500762939453125e+00
4.837500154972076416e-01
0.000000000000000000e+00
0.000000000000000000e+00
0.000000000000000000e+00
0.000000000000000000e+00
0.000000000000000000e+00
0.000000000000000000e+00
0.000000000000000000e+00
8.032500267028808594e+00
4.289625167846679688e+01
9.299250030517578125e+01
1.470037536621093750e+02
2.004187622070312500e+02
2.461275024414062500e+02
2.797425231933593750e+02
2.989125061035156250e+02
3.033112487792968750e+02
2.862225036621093750e+02
2.614837646484375000e+02
2.190937652587890625e+02
1.604812622070312500e+02
1.047487564086914062e+02
6.442874908447265625e+01
2.218500137329101562e+01
7.537500262260437012e-01
0.000000000000000000e+00
0.000000000000000000e+00
0.000000000000000000e+00
0.000000000000000000e+00
0.000000000000000000e+00
0.000000000000000000e+00
0.000000000000000000e+00
4.606875419616699219e+00
2.098125076293945312e+01
5.177250289916992188e+01
9.843750762939453125e+01
1.298700103759765625e+02
1.130400009155273438e+02
1.451250000000000000e+02
2.613600158691406250e+02
2.940525207519531250e+02
2.829375000000000000e+02
2.617987670898437500e+02
2.185537567138671875e+02
1.570950012207031250e+02
1.024706268310546875e+02
5.088375091552734375e+01
1.986750030517578125e+01
1.147500038146972656e+00
0.000000000000000000e+00
0.000000000000000000e+00
0.000000000000000000e+00
0.000000000000000000e+00
0.000000000000000000e+00
0.000000000000000000e+00
0.000000000000000000e+00
8.094375610351562500e+00
4.261500167846679688e+01
8.930250549316406250e+01
1.382962493896484375e+02
1.341562500000000000e+02
1.408162536621093750e+02
1.341225128173828125e+02
1.506487579345703125e+02
1.482300109863281250e+02
1.135125045776367188e+02
1.040175018310546875e+02
9.558000183105468750e+01
9.546750640869140625e+01
7.941938018798828125e+01
4.031999969482421875e+01
2.081250000000000000e+01
1.383750081062316895e+00
0.000000000000000000e+00
0.000000000000000000e+00
0.000000000000000000e+00
0.000000000000000000e+00
0.000000000000000000e+00
0.000000000000000000e+00
0.000000000000000000e+00
8.201250076293945312e+00
4.371750259399414062e+01
9.130500030517578125e+01
1.509075012207031250e+02
2.048287506103515625e+02
2.451825103759765625e+02
2.592562561035156250e+02
3.051112670898437500e+02
3.029287719726562500e+02
2.892712707519531250e+02
2.623500061035156250e+02
2.103525085449218750e+02
1.694812622070312500e+02
1.039443817138671875e+02
6.820312500000000000e+01
2.388375091552734375e+01
1.473750114440917969e+00
0.000000000000000000e+00
0.000000000000000000e+00
0.000000000000000000e+00
0.000000000000000000e+00
0.000000000000000000e+00
0.000000000000000000e+00
0.000000000000000000e+00
8.071875572204589844e+00
4.212000274658203125e+01
8.987625122070312500e+01
1.419075012207031250e+02
1.907662506103515625e+02
2.376000061035156250e+02
2.752425231933593750e+02
2.923200073242187500e+02
2.987100219726562500e+02
2.801137695312500000e+02
2.502900085449218750e+02
2.061337585449218750e+02
1.397306365966796875e+02
1.017450027465820312e+02
5.229000091552734375e+01
1.812375068664550781e+01
1.080000042915344238e+00
0.000000000000000000e+00
0.000000000000000000e+00
0.000000000000000000e+00
0.000000000000000000e+00
0.000000000000000000e+00
0.000000000000000000e+00
0.000000000000000000e+00
6.879375457763671875e+00
4.015125274658203125e+01
7.444125366210937500e+01
1.085287551879882812e+02
1.429875030517578125e+02
1.632825012207031250e+02
2.145825042724609375e+02
2.191837615966796875e+02
1.789087524414062500e+02
1.461937561035156250e+02
1.621912536621093750e+02
1.336837615966796875e+02
9.180000305175781250e+01
5.714437866210937500e+01
4.363875198364257812e+01
1.622249984741210938e+01
1.181250095367431641e+00
0.000000000000000000e+00
0.000000000000000000e+00
0.000000000000000000e+00
0.000000000000000000e+00
0.000000000000000000e+00
0.000000000000000000e+00
0.000000000000000000e+00
7.003125190734863281e+00
3.472875213623046875e+01
7.456500244140625000e+01
8.713125610351562500e+01
7.246125030517578125e+01
1.024875030517578125e+02
1.141537551879882812e+02
1.746112518310546875e+02
2.074162597656250000e+02
1.403662567138671875e+02
1.181362533569335938e+02
7.858125305175781250e+01
6.536812591552734375e+01
6.353437805175781250e+01
3.856500244140625000e+01
1.072125053405761719e+01
8.325000405311584473e-01
0.000000000000000000e+00
0.000000000000000000e+00
0.000000000000000000e+00
0.000000000000000000e+00
0.000000000000000000e+00
0.000000000000000000e+00
0.000000000000000000e+00
5.883750438690185547e+00
3.208500289916992188e+01
6.345000076293945312e+01
1.078650054931640625e+02
1.496025085449218750e+02
1.984050140380859375e+02
1.698187561035156250e+02
2.053012542724609375e+02
2.229750061035156250e+02
2.678625183105468750e+02
2.401987609863281250e+02
1.988212585449218750e+02
1.597837524414062500e+02
1.246612548828125000e+02
6.934500122070312500e+01
2.562750053405761719e+01
1.743750095367431641e+00
0.000000000000000000e+00
0.000000000000000000e+00
0.000000000000000000e+00
0.000000000000000000e+00
0.000000000000000000e+00
0.000000000000000000e+00
0.000000000000000000e+00
8.257500648498535156e+00
4.297500228881835938e+01
9.369000244140625000e+01
1.490062561035156250e+02
2.030175018310546875e+02
2.496375122070312500e+02
2.851087646484375000e+02
3.071812744140625000e+02
3.112312622070312500e+02
2.987100219726562500e+02
2.704275207519531250e+02
2.298712615966796875e+02
1.795950012207031250e+02
1.244306335449218750e+02
7.044750213623046875e+01
2.574000167846679688e+01
1.788750052452087402e+00
0.000000000000000000e+00
0.000000000000000000e+00
0.000000000000000000e+00
0.000000000000000000e+00
0.000000000000000000e+00
0.000000000000000000e+00
0.000000000000000000e+00
8.240625381469726562e+00
4.318875122070312500e+01
9.226125335693359375e+01
1.490175018310546875e+02
2.019375152587890625e+02
2.472075042724609375e+02
2.727618713378906250e+02
2.886412658691406250e+02
2.834437561035156250e+02
2.136150054931640625e+02
2.002500152587890625e+02
1.501537628173828125e+02
1.287112579345703125e+02
7.995938110351562500e+01
4.962375259399414062e+01
1.507500076293945312e+01
1.282500028610229492e+00
0.000000000000000000e+00
0.000000000000000000e+00
0.000000000000000000e+00
0.000000000000000000e+00
0.000000000000000000e+00
0.000000000000000000e+00
0.000000000000000000e+00
7.689375400543212891e+00
4.154625320434570312e+01
8.890875244140625000e+01
1.473975067138671875e+02
2.019037628173828125e+02
2.487937622070312500e+02
2.850975036621093750e+02
3.062474975585937500e+02
3.112087707519531250e+02
2.984062500000000000e+02
2.711137695312500000e+02
2.308500061035156250e+02
1.792743835449218750e+02
1.158300018310546875e+02
6.709500122070312500e+01
2.585250091552734375e+01
1.822500109672546387e+00
0.000000000000000000e+00
0.000000000000000000e+00
0.000000000000000000e+00
0.000000000000000000e+00
0.000000000000000000e+00
0.000000000000000000e+00
0.000000000000000000e+00
7.756875514984130859e+00
4.164750289916992188e+01
9.007875061035156250e+01
1.321537628173828125e+02
1.989562530517578125e+02
2.418862609863281250e+02
2.684700012207031250e+02
2.675924987792968750e+02
2.810587463378906250e+02
2.679187622070312500e+02
2.178112640380859375e+02
1.014862518310546875e+02
9.257625579833984375e+01
8.304187774658203125e+01
4.700812530517578125e+01
5.692500114440917969e+00
8.100000619888305664e-01
0.000000000000000000e+00
0.000000000000000000e+00
0.000000000000000000e+00
0.000000000000000000e+00
0.000000000000000000e+00
0.000000000000000000e+00
0.000000000000000000e+00
5.253750324249267578e+00
2.234250068664550781e+01
5.819625091552734375e+01
8.031375122070312500e+01
9.400500488281250000e+01
1.432687530517578125e+02
1.287675018310546875e+02
2.040637512207031250e+02
2.294212646484375000e+02
1.993950042724609375e+02
2.203087615966796875e+02
1.603125000000000000e+02
1.131187515258789062e+02
9.438750457763671875e+01
4.494375228881835938e+01
1.682999992370605469e+01
1.710000038146972656e+00
0.000000000000000000e+00
0.000000000000000000e+00
0.000000000000000000e+00
0.000000000000000000e+00
0.000000000000000000e+00
0.000000000000000000e+00
0.000000000000000000e+00
7.908750534057617188e+00
4.329000091552734375e+01
9.358875274658203125e+01
1.450125122070312500e+02
2.077875061035156250e+02
2.541262664794921875e+02
2.935575256347656250e+02
3.116137695312500000e+02
3.190556335449218750e+02
3.090150146484375000e+02
2.799900207519531250e+02
2.267831268310546875e+02
1.537875061035156250e+02
7.939688110351562500e+01
3.034687614440917969e+01
1.031625080108642578e+01
1.248750090599060059e+00
0.000000000000000000e+00
0.000000000000000000e+00
0.000000000000000000e+00
0.000000000000000000e+00
0.000000000000000000e+00
0.000000000000000000e+00
0.000000000000000000e+00
6.963750362396240234e+00
3.534749984741210938e+01
7.094250488281250000e+01
1.078312530517578125e+02
1.188562545776367188e+02
1.314562530517578125e+02
1.755000000000000000e+02
2.281162567138671875e+02
2.092893829345703125e+02
1.567237548828125000e+02
9.309375000000000000e+01
6.306750106811523438e+01
6.620625305175781250e+01
6.407437896728515625e+01
3.813750076293945312e+01
1.284750080108642578e+01
1.316250085830688477e+00
0.000000000000000000e+00
0.000000000000000000e+00
0.000000000000000000e+00
0.000000000000000000e+00
0.000000000000000000e+00
0.000000000000000000e+00
0.000000000000000000e+00
3.228750228881835938e+00
2.559375190734863281e+01
6.199875259399414062e+01
8.742375183105468750e+01
1.482300109863281250e+02
1.804387512207031250e+02
2.120962524414062500e+02
1.848262634277343750e+02
1.887300109863281250e+02
1.190587539672851562e+02
1.246725082397460938e+02
1.297237548828125000e+02
9.758812713623046875e+01
8.980313110351562500e+01
4.793625259399414062e+01
1.962000083923339844e+01
1.698750019073486328e+00
0.000000000000000000e+00
0.000000000000000000e+00
0.000000000000000000e+00
0.000000000000000000e+00
0.000000000000000000e+00
0.000000000000000000e+00
0.000000000000000000e+00
5.653125286102294922e+00
2.952000045776367188e+01
6.486750030517578125e+01
5.215500259399414062e+01
9.306000518798828125e+01
1.096312561035156250e+02
1.104750061035156250e+02
1.163925018310546875e+02
1.239525070190429688e+02
1.237500076293945312e+02
1.193793792724609375e+02
1.221243820190429688e+02
1.254262542724609375e+02
7.508812713623046875e+01
3.158437538146972656e+01
1.121625041961669922e+01
7.987500429153442383e-01
0.000000000000000000e+00
0.000000000000000000e+00
0.000000000000000000e+00
0.000000000000000000e+00
0.000000000000000000e+00
0.000000000000000000e+00
0.000000000000000000e+00
6.131250381469726562e+00
3.303000259399414062e+01
7.512750244140625000e+01
9.595125579833984375e+01
1.090350036621093750e+02
1.048950042724609375e+02
5.415750122070312500e+01
6.366375350952148438e+01
3.521250152587890625e+01
9.508500671386718750e+01
1.688737640380859375e+02
1.508512573242187500e+02
1.193231277465820312e+02
8.807625579833984375e+01
6.006375122070312500e+01
2.282625007629394531e+01
1.485000014305114746e+00
0.000000000000000000e+00
0.000000000000000000e+00
0.000000000000000000e+00
0.000000000000000000e+00
0.000000000000000000e+00
0.000000000000000000e+00
0.000000000000000000e+00
5.703750133514404297e+00
2.252250099182128906e+01
3.484125137329101562e+01
5.184000396728515625e+01
5.243625259399414062e+01
5.295375061035156250e+01
6.008625411987304688e+01
8.880750274658203125e+01
8.066250610351562500e+01
6.899625396728515625e+01
1.076400070190429688e+02
7.831125640869140625e+01
6.550312805175781250e+01
4.592812728881835938e+01
2.556562614440917969e+01
1.427625083923339844e+01
1.158750057220458984e+00
0.000000000000000000e+00
0.000000000000000000e+00
0.000000000000000000e+00
0.000000000000000000e+00
0.000000000000000000e+00
0.000000000000000000e+00
0.000000000000000000e+00
3.414375066757202148e+00
1.488375091552734375e+01
4.510125350952148438e+01
9.141750335693359375e+01
1.252350082397460938e+02
1.869075012207031250e+02
1.886400146484375000e+02
2.421562652587890625e+02
2.274750061035156250e+02
2.385787658691406250e+02
2.083950042724609375e+02
1.605487518310546875e+02
1.392300109863281250e+02
9.225563049316406250e+01
5.193000030517578125e+01
2.515500068664550781e+01
1.811250090599060059e+00
0.000000000000000000e+00
0.000000000000000000e+00
0.000000000000000000e+00
0.000000000000000000e+00
0.000000000000000000e+00
0.000000000000000000e+00
0.000000000000000000e+00
4.899374961853027344e+00
2.831625175476074219e+01
6.827625274658203125e+01
1.132875061035156250e+02
1.467225036621093750e+02
1.602900085449218750e+02
1.821375122070312500e+02
2.270587615966796875e+02
1.659375000000000000e+02
8.449875640869140625e+01
1.541250000000000000e+02
9.340875244140625000e+01
3.189937591552734375e+01
2.221312522888183594e+01
1.366875076293945312e+01
1.766250014305114746e+00
1.800000071525573730e-01
0.000000000000000000e+00
0.000000000000000000e+00
0.000000000000000000e+00
0.000000000000000000e+00
0.000000000000000000e+00
0.000000000000000000e+00
0.000000000000000000e+00
5.203125000000000000e+00
3.484125137329101562e+01
8.196750640869140625e+01
1.132987518310546875e+02
1.337512512207031250e+02
1.797637634277343750e+02
2.332462615966796875e+02
1.855462646484375000e+02
9.986625671386718750e+01
1.004400024414062500e+02
6.181875228881835938e+01
3.729937744140625000e+01
2.991937637329101562e+01
1.464750099182128906e+01
1.000125026702880859e+01
8.111249923706054688e+00
7.425000071525573730e-01
0.000000000000000000e+00
0.000000000000000000e+00
0.000000000000000000e+00
0.000000000000000000e+00
0.000000000000000000e+00
0.000000000000000000e+00
0.000000000000000000e+00
4.640625000000000000e+00
2.722500038146972656e+01
6.769125366210937500e+01
1.201162567138671875e+02
1.495800018310546875e+02
1.971787567138671875e+02
2.404575042724609375e+02
2.798437500000000000e+02
3.047962646484375000e+02
2.885850219726562500e+02
2.510887603759765625e+02
2.170575103759765625e+02
1.639350128173828125e+02
1.164768829345703125e+02
5.540625381469726562e+01
2.250000000000000000e+01
1.372500061988830566e+00
0.000000000000000000e+00
0.000000000000000000e+00
0.000000000000000000e+00
0.000000000000000000e+00
0.000000000000000000e+00
0.000000000000000000e+00
0.000000000000000000e+00
4.651875019073486328e+00
2.764125061035156250e+01
7.065000152587890625e+01
1.264612579345703125e+02
1.479262542724609375e+02
1.561950073242187500e+02
1.110712509155273438e+02
2.291850128173828125e+02
2.019262542724609375e+02
1.805962524414062500e+02
2.110725097656250000e+02
1.049850006103515625e+02
1.334700012207031250e+02
6.961500549316406250e+01
5.001750183105468750e+01
2.253375053405761719e+01
1.428750038146972656e+00
0.000000000000000000e+00
0.000000000000000000e+00
0.000000000000000000e+00
0.000000000000000000e+00
0.000000000000000000e+00
0.000000000000000000e+00
0.000000000000000000e+00
4.938750267028808594e+00
2.884500122070312500e+01
6.030000305175781250e+01
1.074150009155273438e+02
1.434262542724609375e+02
2.018025054931640625e+02
2.486981353759765625e+02
2.298150024414062500e+02
1.931625061035156250e+02
2.413237609863281250e+02
2.072925109863281250e+02
1.751906280517578125e+02
1.270856323242187500e+02
7.570125579833984375e+01
4.586625289916992188e+01
1.681875038146972656e+01
1.215000033378601074e+00
0.000000000000000000e+00
0.000000000000000000e+00
0.000000000000000000e+00
0.000000000000000000e+00
0.000000000000000000e+00
0.000000000000000000e+00
0.000000000000000000e+00
4.651875019073486328e+00
3.299625015258789062e+01
6.684750366210937500e+01
1.029487533569335938e+02
1.779975128173828125e+02
2.196562652587890625e+02
2.696062622070312500e+02
2.852212524414062500e+02
2.838487548828125000e+02
2.577487487792968750e+02
2.576475219726562500e+02
2.278125152587890625e+02
1.789987640380859375e+02
1.244643783569335938e+02
6.582937622070312500e+01
1.320750045776367188e+01
9.675000309944152832e-01
0.000000000000000000e+00
0.000000000000000000e+00
0.000000000000000000e+00
0.000000000000000000e+00
0.000000000000000000e+00
0.000000000000000000e+00
0.000000000000000000e+00
3.892500162124633789e+00
1.977750015258789062e+01
4.379625320434570312e+01
1.041750030517578125e+02
1.721587524414062500e+02
2.339212646484375000e+02
2.774137573242187500e+02
2.788312683105468750e+02
2.850862731933593750e+02
2.639137573242187500e+02
2.082993774414062500e+02
2.002162628173828125e+02
1.089787521362304688e+02
9.265500640869140625e+01
6.011437606811523438e+01
2.278125000000000000e+01
1.091250061988830566e+00
0.000000000000000000e+00
0.000000000000000000e+00
0.000000000000000000e+00
0.000000000000000000e+00
0.000000000000000000e+00
0.000000000000000000e+00
0.000000000000000000e+00
4.691250324249267578e+00
3.087000083923339844e+01
8.208000183105468750e+01
1.285425109863281250e+02
1.874587554931640625e+02
1.931175079345703125e+02
2.335275115966796875e+02
2.787637634277343750e+02
2.351137542724609375e+02
2.127375030517578125e+02
2.466225128173828125e+02
2.114775085449218750e+02
1.778512573242187500e+02
1.224168777465820312e+02
6.337687683105468750e+01
2.127375030517578125e+01
1.215000033378601074e+00
0.000000000000000000e+00
0.000000000000000000e+00
0.000000000000000000e+00
0.000000000000000000e+00
0.000000000000000000e+00
0.000000000000000000e+00
0.000000000000000000e+00
2.840625047683715820e+00
2.282625007629394531e+01
6.798374938964843750e+01
1.119712524414062500e+02
1.647000122070312500e+02
2.070450134277343750e+02
2.503125152587890625e+02
2.625299987792968750e+02
2.231775054931640625e+02
2.115225067138671875e+02
1.447537536621093750e+02
9.412875366210937500e+01
1.056600036621093750e+02
6.395625305175781250e+01
4.294124984741210938e+01
1.658250045776367188e+01
1.080000042915344238e+00
0.000000000000000000e+00
0.000000000000000000e+00
0.000000000000000000e+00
0.000000000000000000e+00
0.000000000000000000e+00
0.000000000000000000e+00
0.000000000000000000e+00
2.019375085830688477e+00
1.104750061035156250e+01
3.629249954223632812e+01
7.403625488281250000e+01
1.252350082397460938e+02
1.619550018310546875e+02
2.191162567138671875e+02
2.188575134277343750e+02
9.056250000000000000e+01
1.308825073242187500e+02
1.936125030517578125e+02
1.354837493896484375e+02
8.349750518798828125e+01
5.807250213623046875e+01
5.310000228881835938e+01
1.490625095367431641e+01
8.437500596046447754e-01
0.000000000000000000e+00
0.000000000000000000e+00
0.000000000000000000e+00
0.000000000000000000e+00
0.000000000000000000e+00
0.000000000000000000e+00
0.000000000000000000e+00
1.867500066757202148e+00
1.807875061035156250e+01
6.068250274658203125e+01
5.946750259399414062e+01
1.125450057983398438e+02
1.630912628173828125e+02
2.558025054931640625e+02
2.610787658691406250e+02
2.634187622070312500e+02
2.241225128173828125e+02
2.286112518310546875e+02
1.598062591552734375e+02
1.196437530517578125e+02
7.574625396728515625e+01
3.996000289916992188e+01
1.822500038146972656e+01
9.225000143051147461e-01
0.000000000000000000e+00
0.000000000000000000e+00
0.000000000000000000e+00
0.000000000000000000e+00
0.000000000000000000e+00
0.000000000000000000e+00
0.000000000000000000e+00
3.183750152587890625e+00
1.723500061035156250e+01
3.252375030517578125e+01
9.555750274658203125e+01
8.728874969482421875e+01
7.733250427246093750e+01
5.281875228881835938e+01
3.838500213623046875e+01
8.682750701904296875e+01
9.734625244140625000e+01
1.837350006103515625e+02
1.420650024414062500e+02
9.838687896728515625e+01
4.033687591552734375e+01
2.225250053405761719e+01
9.101250648498535156e+00
2.700000107288360596e-01
0.000000000000000000e+00
0.000000000000000000e+00
0.000000000000000000e+00
0.000000000000000000e+00
0.000000000000000000e+00
0.000000000000000000e+00
0.000000000000000000e+00
3.206250190734863281e+00
2.956500053405761719e+01
5.438250350952148438e+01
9.659250640869140625e+01
1.256850051879882812e+02
1.159762573242187500e+02
1.560149993896484375e+02
1.507162628173828125e+02
2.149087524414062500e+02
2.560387573242187500e+02
2.453681335449218750e+02
2.157975158691406250e+02
1.805343780517578125e+02
1.224450073242187500e+02
6.963750457763671875e+01
2.158875083923339844e+01
9.000000357627868652e-01
0.000000000000000000e+00
0.000000000000000000e+00
0.000000000000000000e+00
0.000000000000000000e+00
0.000000000000000000e+00
0.000000000000000000e+00
0.000000000000000000e+00
2.801250219345092773e+00
2.359125137329101562e+01
6.347250366210937500e+01
1.058962554931640625e+02
1.473975067138671875e+02
1.892587585449218750e+02
2.184187622070312500e+02
2.253712615966796875e+02
2.333925018310546875e+02
1.907437591552734375e+02
1.671750030517578125e+02
1.694250030517578125e+02
1.406812591552734375e+02
1.092431259155273438e+02
5.334750366210937500e+01
1.843875122070312500e+01
6.750000119209289551e-01
0.000000000000000000e+00
0.000000000000000000e+00
0.000000000000000000e+00
0.000000000000000000e+00
0.000000000000000000e+00
0.000000000000000000e+00
0.000000000000000000e+00
2.430000066757202148e+00
2.182500076293945312e+01
5.711625289916992188e+01
1.077862548828125000e+02
1.604925079345703125e+02
1.911206359863281250e+02
2.087775115966796875e+02
2.152462615966796875e+02
1.531462554931640625e+02
1.846575012207031250e+02
1.206337585449218750e+02
1.155037536621093750e+02
1.166062545776367188e+02
8.480250549316406250e+01
4.915125274658203125e+01
1.483875083923339844e+01
6.299999952316284180e-01
0.000000000000000000e+00
0.000000000000000000e+00
0.000000000000000000e+00
0.000000000000000000e+00
0.000000000000000000e+00
0.000000000000000000e+00
0.000000000000000000e+00
2.070000171661376953e+00
1.926000022888183594e+01
2.901375198364257812e+01
6.993000030517578125e+01
1.185075073242187500e+02
1.924087524414062500e+02
2.189925079345703125e+02
1.992825012207031250e+02
1.452487487792968750e+02
8.301375579833984375e+01
8.212500000000000000e+01
6.761250305175781250e+01
7.512750244140625000e+01
6.440062713623046875e+01
2.181375122070312500e+01
4.781250000000000000e+00
2.025000154972076416e-01
0.000000000000000000e+00
0.000000000000000000e+00
0.000000000000000000e+00
0.000000000000000000e+00
0.000000000000000000e+00
0.000000000000000000e+00
0.000000000000000000e+00
7.031250000000000000e-01
5.523750305175781250e+00
1.399500083923339844e+01
4.071375274658203125e+01
6.770249938964843750e+01
6.604875183105468750e+01
6.870938110351562500e+01
1.248862533569335938e+02
1.140300064086914062e+02
1.189462509155273438e+02
1.483087615966796875e+02
1.045293807983398438e+02
1.257750015258789062e+02
8.942063140869140625e+01
4.818375015258789062e+01
1.560375022888183594e+01
4.162500202655792236e-01
0.000000000000000000e+00
0.000000000000000000e+00
0.000000000000000000e+00
0.000000000000000000e+00
0.000000000000000000e+00
0.000000000000000000e+00
0.000000000000000000e+00
1.586250066757202148e+00
2.205000114440917969e+01
5.553000259399414062e+01
7.613999938964843750e+01
1.228725051879882812e+02
1.889437561035156250e+02
2.226825103759765625e+02
2.417287597656250000e+02
2.259787597656250000e+02
2.350237579345703125e+02
2.094018859863281250e+02
1.767262573242187500e+02
1.338525085449218750e+02
1.039893798828125000e+02
5.616000366210937500e+01
1.697625160217285156e+01
4.837500154972076416e-01
0.000000000000000000e+00
0.000000000000000000e+00
0.000000000000000000e+00
0.000000000000000000e+00
0.000000000000000000e+00
0.000000000000000000e+00
0.000000000000000000e+00
2.092499971389770508e+00
2.985750198364257812e+01
7.677000427246093750e+01
1.288125000000000000e+02
1.654987640380859375e+02
2.212762603759765625e+02
2.710912475585937500e+02
2.945700073242187500e+02
2.618437500000000000e+02
2.811487731933593750e+02
2.319637603759765625e+02
1.871268768310546875e+02
1.513800048828125000e+02
1.009856262207031250e+02
5.468062591552734375e+01
1.320750045776367188e+01
3.712500035762786865e-01
0.000000000000000000e+00
0.000000000000000000e+00
0.000000000000000000e+00
0.000000000000000000e+00
0.000000000000000000e+00
0.000000000000000000e+00
0.000000000000000000e+00
1.906875133514404297e+00
1.638000106811523438e+01
4.475250244140625000e+01
1.226475067138671875e+02
1.764337615966796875e+02
2.119275054931640625e+02
2.121806335449218750e+02
1.480950012207031250e+02
1.724625091552734375e+02
2.356875152587890625e+02
2.218162536621093750e+02
8.002125549316406250e+01
4.389187622070312500e+01
8.059500122070312500e+01
4.217625045776367188e+01
1.793250083923339844e+01
3.149999976158142090e-01
0.000000000000000000e+00
0.000000000000000000e+00
0.000000000000000000e+00
0.000000000000000000e+00
0.000000000000000000e+00
0.000000000000000000e+00
0.000000000000000000e+00
1.991250038146972656e+00
2.586937522888183594e+01
7.294499969482421875e+01
1.076175079345703125e+02
1.576125030517578125e+02
1.884262542724609375e+02
2.000700073242187500e+02
1.692000122070312500e+02
2.185987548828125000e+02
1.997100067138671875e+02
1.697062530517578125e+02
1.336331329345703125e+02
1.198237533569335938e+02
7.685437774658203125e+01
5.177250289916992188e+01
1.703250122070312500e+01
2.812500000000000000e-01
0.000000000000000000e+00
0.000000000000000000e+00
0.000000000000000000e+00
0.000000000000000000e+00
0.000000000000000000e+00
0.000000000000000000e+00
0.000000000000000000e+00
1.125000000000000000e+00
9.911250114440917969e+00
3.888000106811523438e+01
1.030500030517578125e+02
1.283962554931640625e+02
1.283512573242187500e+02
1.464862518310546875e+02
2.079562530517578125e+02
2.709000244140625000e+02
2.603475036621093750e+02
1.951537628173828125e+02
1.831837615966796875e+02
1.242281265258789062e+02
9.060187530517578125e+01
4.894312667846679688e+01
1.627875137329101562e+01
2.362500131130218506e-01
0.000000000000000000e+00
0.000000000000000000e+00
0.000000000000000000e+00
0.000000000000000000e+00
0.000000000000000000e+00
0.000000000000000000e+00
0.000000000000000000e+00
7.762500047683715820e-01
6.322500228881835938e+00
1.044000053405761719e+01
7.171875000000000000e+01
1.390612487792968750e+02
2.034450073242187500e+02
2.602012634277343750e+02
2.531250152587890625e+02
2.189362640380859375e+02
2.394450073242187500e+02
1.852312622070312500e+02
1.849612579345703125e+02
1.216181335449218750e+02
8.409938049316406250e+01
5.097375106811523438e+01
1.140750026702880859e+01
1.350000053644180298e-01
0.000000000000000000e+00
0.000000000000000000e+00
0.000000000000000000e+00
0.000000000000000000e+00
0.000000000000000000e+00
0.000000000000000000e+00
0.000000000000000000e+00
1.243125081062316895e+00
1.559250068664550781e+01
3.495375061035156250e+01
1.007662506103515625e+02
8.833500671386718750e+01
6.626250457763671875e+01
6.892874908447265625e+01
3.820500183105468750e+01
4.412250137329101562e+01
3.709125137329101562e+01
5.331937789916992188e+01
4.488187789916992188e+01
5.774625396728515625e+01
4.073625183105468750e+01
1.883812522888183594e+01
4.837500095367431641e+00
4.500000178813934326e-02
0.000000000000000000e+00
0.000000000000000000e+00
0.000000000000000000e+00
0.000000000000000000e+00
0.000000000000000000e+00
0.000000000000000000e+00
0.000000000000000000e+00
2.981249988079071045e-01
4.196249961853027344e+00
8.673749923706054688e+00
4.860000133514404297e+00
6.390000343322753906e+00
1.168312549591064453e+01
1.793250083923339844e+01
1.797750091552734375e+01
6.315750122070312500e+01
5.134500122070312500e+01
4.118625259399414062e+01
6.084000396728515625e+01
5.345437622070312500e+01
5.993437576293945312e+01
2.049750137329101562e+01
4.095000267028808594e+00
4.500000178813934326e-02
0.000000000000000000e+00
0.000000000000000000e+00
0.000000000000000000e+00
0.000000000000000000e+00
0.000000000000000000e+00
0.000000000000000000e+00
0.000000000000000000e+00
9.562500566244125366e-02
2.064375162124633789e+00
5.996250152587890625e+00
9.832500457763671875e+00
1.968750000000000000e+01
2.964375114440917969e+01
2.597625160217285156e+01
2.387250137329101562e+01
2.144250106811523438e+01
2.905875205993652344e+01
6.478312683105468750e+01
8.217562866210937500e+01
5.976562881469726562e+01
3.966187667846679688e+01
2.863125038146972656e+01
1.023750019073486328e+01
3.375000134110450745e-02
0.000000000000000000e+00
0.000000000000000000e+00
0.000000000000000000e+00
0.000000000000000000e+00
0.000000000000000000e+00
0.000000000000000000e+00
0.000000000000000000e+00
9.000000357627868652e-01
2.059312629699707031e+01
2.407500076293945312e+01
4.898250198364257812e+01
8.136000061035156250e+01
4.030875015258789062e+01
4.967437744140625000e+01
9.486000061035156250e+01
1.156950073242187500e+02
1.084725036621093750e+02
1.109812545776367188e+02
1.429425048828125000e+02
9.391500091552734375e+01
3.847500228881835938e+01
1.379250049591064453e+01
9.056250572204589844e+00
2.250000089406967163e-02
0.000000000000000000e+00
0.000000000000000000e+00
0.000000000000000000e+00
0.000000000000000000e+00
0.000000000000000000e+00
0.000000000000000000e+00
0.000000000000000000e+00
5.062500238418579102e-01
1.804500007629394531e+01
4.952250289916992188e+01
1.207237548828125000e+02
1.676137542724609375e+02
2.042775115966796875e+02
2.198812561035156250e+02
2.491312561035156250e+02
2.406712646484375000e+02
1.429199981689453125e+02
1.411537628173828125e+02
1.298531341552734375e+02
9.807187652587890625e+01
7.374937438964843750e+01
4.185000228881835938e+01
1.149750041961669922e+01
1.125000044703483582e-02
0.000000000000000000e+00
0.000000000000000000e+00
0.000000000000000000e+00
0.000000000000000000e+00
0.000000000000000000e+00
0.000000000000000000e+00
0.000000000000000000e+00
4.500000178813934326e-01
1.760062599182128906e+01
5.970375061035156250e+01
1.183950042724609375e+02
1.807818756103515625e+02
2.188912658691406250e+02
1.807256317138671875e+02
1.244025039672851562e+02
1.876387634277343750e+02
1.657912597656250000e+02
1.052943801879882812e+02
8.416687774658203125e+01
7.531875610351562500e+01
6.212812805175781250e+01
4.374000167846679688e+01
1.280250072479248047e+01
0.000000000000000000e+00
0.000000000000000000e+00
0.000000000000000000e+00
0.000000000000000000e+00
0.000000000000000000e+00
0.000000000000000000e+00
0.000000000000000000e+00
0.000000000000000000e+00
5.793750286102294922e-01
1.959187507629394531e+01
6.494625091552734375e+01
1.106887512207031250e+02
1.665000000000000000e+02
2.062125091552734375e+02
2.462512664794921875e+02
2.731218872070312500e+02
2.785050048828125000e+02
2.721375122070312500e+02
2.431068878173828125e+02
1.282612609863281250e+02
7.343437957763671875e+01
5.705437850952148438e+01
3.529125213623046875e+01
8.943750381469726562e+00
0.000000000000000000e+00
0.000000000000000000e+00
0.000000000000000000e+00
0.000000000000000000e+00
0.000000000000000000e+00
0.000000000000000000e+00
0.000000000000000000e+00
0.000000000000000000e+00
4.668750166893005371e-01
1.877625083923339844e+01
6.279750061035156250e+01
1.247737579345703125e+02
1.715737609863281250e+02
2.211075134277343750e+02
2.252475128173828125e+02
2.044237518310546875e+02
2.173837585449218750e+02
2.265637664794921875e+02
2.171981353759765625e+02
1.752356262207031250e+02
1.041750030517578125e+02
6.268500137329101562e+01
1.738125038146972656e+01
1.014750003814697266e+01
0.000000000000000000e+00
0.000000000000000000e+00
0.000000000000000000e+00
0.000000000000000000e+00
0.000000000000000000e+00
0.000000000000000000e+00
0.000000000000000000e+00
0.000000000000000000e+00
2.756250202655792236e-01
1.131750011444091797e+01
3.542625045776367188e+01
1.172137527465820312e+02
1.618762512207031250e+02
1.809675140380859375e+02
2.324868774414062500e+02
2.531250152587890625e+02
2.477025146484375000e+02
2.508075103759765625e+02
1.972125091552734375e+02
1.217700042724609375e+02
1.175062561035156250e+02
5.935500335693359375e+01
3.647249984741210938e+01
7.076250076293945312e+00
0.000000000000000000e+00
0.000000000000000000e+00
0.000000000000000000e+00
0.000000000000000000e+00
0.000000000000000000e+00
0.000000000000000000e+00
0.000000000000000000e+00
0.000000000000000000e+00
2.700000107288360596e-01
1.614375114440917969e+01
4.314375305175781250e+01
3.313125228881835938e+01
6.611624908447265625e+01
1.363612518310546875e+02
2.116462554931640625e+02
2.258212585449218750e+02
2.291962585449218750e+02
2.029725036621093750e+02
1.960593872070312500e+02
1.664775085449218750e+02
1.539506378173828125e+02
9.744187927246093750e+01
3.084750175476074219e+01
7.998750209808349609e+00
0.000000000000000000e+00
0.000000000000000000e+00
0.000000000000000000e+00
0.000000000000000000e+00
0.000000000000000000e+00
0.000000000000000000e+00
0.000000000000000000e+00
0.000000000000000000e+00
1.743750125169754028e-01
8.797500610351562500e+00
2.056500053405761719e+01
4.505625152587890625e+01
5.959687805175781250e+01
7.389562988281250000e+01
9.563625335693359375e+01
9.345375061035156250e+01
1.734412536621093750e+02
2.059425048828125000e+02
2.360868835449218750e+02
1.790662536621093750e+02
1.324237518310546875e+02
8.002125549316406250e+01
3.723750305175781250e+01
8.943750381469726562e+00
0.000000000000000000e+00
0.000000000000000000e+00
0.000000000000000000e+00
0.000000000000000000e+00
0.000000000000000000e+00
0.000000000000000000e+00
0.000000000000000000e+00
0.000000000000000000e+00
1.237500011920928955e-01
1.417500019073486328e+01
4.995000076293945312e+01
4.303125000000000000e+01
9.447750091552734375e+01
1.681200103759765625e+02
1.683225097656250000e+02
2.034562530517578125e+02
2.357325134277343750e+02
2.383312530517578125e+02
2.158143768310546875e+02
1.712868804931640625e+02
1.330087585449218750e+02
8.906625366210937500e+01
3.126375198364257812e+01
8.865000724792480469e+00
0.000000000000000000e+00
0.000000000000000000e+00
0.000000000000000000e+00
0.000000000000000000e+00
0.000000000000000000e+00
0.000000000000000000e+00
0.000000000000000000e+00
0.000000000000000000e+00
9.562500566244125366e-02
1.609875106811523438e+01
5.608687591552734375e+01
8.474625396728515625e+01
1.300050048828125000e+02
1.415475006103515625e+02
1.110712509155273438e+02
2.062012634277343750e+02
2.084400024414062500e+02
1.349550018310546875e+02
1.268043823242187500e+02
7.868250274658203125e+01
6.561000061035156250e+01
4.126500320434570312e+01
2.498625183105468750e+01
6.097500324249267578e+00
0.000000000000000000e+00
0.000000000000000000e+00
0.000000000000000000e+00
0.000000000000000000e+00
0.000000000000000000e+00
0.000000000000000000e+00
0.000000000000000000e+00
0.000000000000000000e+00
5.625000223517417908e-02
1.501312541961669922e+01
4.686187744140625000e+01
1.139175033569335938e+02
1.539562530517578125e+02
1.919475097656250000e+02
1.875093841552734375e+02
1.885050048828125000e+02
1.955250091552734375e+02
2.352881317138671875e+02
1.409118804931640625e+02
1.140693817138671875e+02
8.933062744140625000e+01
6.773625183105468750e+01
3.556125259399414062e+01
6.536250114440917969e+00
0.000000000000000000e+00
0.000000000000000000e+00
0.000000000000000000e+00
0.000000000000000000e+00
0.000000000000000000e+00
0.000000000000000000e+00
0.000000000000000000e+00
0.000000000000000000e+00
2.250000089406967163e-02
1.503562545776367188e+01
5.065875244140625000e+01
1.095412521362304688e+02
1.551712493896484375e+02
2.076075134277343750e+02
2.509650115966796875e+02
2.363175048828125000e+02
2.142337646484375000e+02
2.361150054931640625e+02
1.806468811035156250e+02
1.749881286621093750e+02
1.528931274414062500e+02
1.006875076293945312e+02
4.803750228881835938e+01
7.897500514984130859e+00
0.000000000000000000e+00
0.000000000000000000e+00
0.000000000000000000e+00
0.000000000000000000e+00
0.000000000000000000e+00
0.000000000000000000e+00
0.000000000000000000e+00
0.000000000000000000e+00
1.125000044703483582e-02
1.571625041961669922e+01
6.231375122070312500e+01
1.111387557983398438e+02
1.623825073242187500e+02
2.018812561035156250e+02
2.174175109863281250e+02
2.326612548828125000e+02
2.515950164794921875e+02
2.641162719726562500e+02
2.174906311035156250e+02
1.348762512207031250e+02
4.351500320434570312e+01
4.213687515258789062e+01
2.777062606811523438e+01
3.341250181198120117e+00
0.000000000000000000e+00
0.000000000000000000e+00
0.000000000000000000e+00
0.000000000000000000e+00
0.000000000000000000e+00
0.000000000000000000e+00
0.000000000000000000e+00
0.000000000000000000e+00
0.000000000000000000e+00
6.806250095367431641e+00
2.676375198364257812e+01
1.017225036621093750e+02
1.651275024414062500e+02
2.068537597656250000e+02
2.549025115966796875e+02
2.697187500000000000e+02
2.931300048828125000e+02
2.816325073242187500e+02
2.518481292724609375e+02
1.880268859863281250e+02
1.328062591552734375e+02
6.060937881469726562e+01
2.457000160217285156e+01
3.993750095367431641e+00
0.000000000000000000e+00
0.000000000000000000e+00
0.000000000000000000e+00
0.000000000000000000e+00
0.000000000000000000e+00
0.000000000000000000e+00
0.000000000000000000e+00
0.000000000000000000e+00
0.000000000000000000e+00
1.186875104904174805e+00
8.651249885559082031e+00
2.341125106811523438e+01
4.017375183105468750e+01
5.846625137329101562e+01
8.020125579833984375e+01
5.470875167846679688e+01
8.226000213623046875e+01
8.571375274658203125e+01
6.672937774658203125e+01
3.708562469482421875e+01
3.394124984741210938e+01
1.606500053405761719e+01
6.699375152587890625e+00
8.437500596046447754e-01
0.000000000000000000e+00
0.000000000000000000e+00
0.000000000000000000e+00
0.000000000000000000e+00
0.000000000000000000e+00
0.000000000000000000e+00
0.000000000000000000e+00
0.000000000000000000e+00
0.000000000000000000e+00
2.317500114440917969e+00
5.512500286102294922e+00
1.359000015258789062e+01
2.368125152587890625e+01
3.938625335693359375e+01
5.124375152587890625e+01
4.911187744140625000e+01
3.828375244140625000e+01
5.452875137329101562e+01
6.402375030517578125e+01
3.785625076293945312e+01
1.846125030517578125e+01
1.328062534332275391e+01
3.003750085830688477e+00
2.868750095367431641e-01
0.000000000000000000e+00
0.000000000000000000e+00
0.000000000000000000e+00
0.000000000000000000e+00
0.000000000000000000e+00
0.000000000000000000e+00
0.000000000000000000e+00
0.000000000000000000e+00
0.000000000000000000e+00
3.330000162124633789e+00
1.713375091552734375e+01
3.553874969482421875e+01
7.557749938964843750e+01
1.148175048828125000e+02
1.357087554931640625e+02
1.081743774414062500e+02
1.013062515258789062e+02
1.672087554931640625e+02
1.511718750000000000e+02
7.288875579833984375e+01
3.931875228881835938e+01
1.481625080108642578e+01
9.348750114440917969e+00
9.450000524520874023e-01
0.000000000000000000e+00
0.000000000000000000e+00
0.000000000000000000e+00
0.000000000000000000e+00
0.000000000000000000e+00
0.000000000000000000e+00
0.000000000000000000e+00
0.000000000000000000e+00
0.000000000000000000e+00
2.902500152587890625e+00
1.107000064849853516e+01
1.226250076293945312e+01
1.793250083923339844e+01
2.035125160217285156e+01
2.175750160217285156e+01
5.151375198364257812e+01
6.961500549316406250e+01
1.471725006103515625e+02
1.641825103759765625e+02
1.425149993896484375e+02
9.247500610351562500e+01
7.327125549316406250e+01
2.972250175476074219e+01
3.330000162124633789e+00
0.000000000000000000e+00
0.000000000000000000e+00
0.000000000000000000e+00
0.000000000000000000e+00
0.000000000000000000e+00
0.000000000000000000e+00
0.000000000000000000e+00
0.000000000000000000e+00
0.000000000000000000e+00
9.888750076293945312e+00
4.823437881469726562e+01
8.609625244140625000e+01
1.244137573242187500e+02
1.656787567138671875e+02
2.400300140380859375e+02
2.686893920898437500e+02
2.510662536621093750e+02
2.341912536621093750e+02
1.694250030517578125e+02
1.229512557983398438e+02
1.018968811035156250e+02
6.439500427246093750e+01
2.868750190734863281e+01
3.307500123977661133e+00
0.000000000000000000e+00
0.000000000000000000e+00
0.000000000000000000e+00
0.000000000000000000e+00
0.000000000000000000e+00
0.000000000000000000e+00
0.000000000000000000e+00
0.000000000000000000e+00
0.000000000000000000e+00
9.697500228881835938e+00
4.735125350952148438e+01
9.571500396728515625e+01
1.546762542724609375e+02
2.013356323242187500e+02
2.491143798828125000e+02
2.744212646484375000e+02
2.576250000000000000e+02
2.359912567138671875e+02
2.060043792724609375e+02
1.604475097656250000e+02
1.141706314086914062e+02
7.887375640869140625e+01
2.646000099182128906e+01
1.980000019073486328e+00
0.000000000000000000e+00
0.000000000000000000e+00
0.000000000000000000e+00
0.000000000000000000e+00
0.000000000000000000e+00
0.000000000000000000e+00
0.000000000000000000e+00
0.000000000000000000e+00
0.000000000000000000e+00
2.885625123977661133e+00
1.977750015258789062e+01
4.428000259399414062e+01
1.102950057983398438e+02
1.560543823242187500e+02
2.050425109863281250e+02
2.025562591552734375e+02
2.244825134277343750e+02
2.281275024414062500e+02
2.012793884277343750e+02
1.713937530517578125e+02
1.206168823242187500e+02
7.440750122070312500e+01
2.452500152587890625e+01
1.878750085830688477e+00
0.000000000000000000e+00
0.000000000000000000e+00
0.000000000000000000e+00
0.000000000000000000e+00
0.000000000000000000e+00
0.000000000000000000e+00
0.000000000000000000e+00
0.000000000000000000e+00
0.000000000000000000e+00
7.132500171661376953e+00
4.236750030517578125e+01
7.954875183105468750e+01
1.313550109863281250e+02
1.643793792724609375e+02
2.147850036621093750e+02
1.913231353759765625e+02
1.994625091552734375e+02
1.800787506103515625e+02
1.242618789672851562e+02
1.137206268310546875e+02
7.603874969482421875e+01
6.352875137329101562e+01
2.238750076293945312e+01
1.372500061988830566e+00
0.000000000000000000e+00
0.000000000000000000e+00
0.000000000000000000e+00
0.000000000000000000e+00
0.000000000000000000e+00
0.000000000000000000e+00
0.000000000000000000e+00
0.000000000000000000e+00
0.000000000000000000e+00
7.666875362396240234e+00
4.322249984741210938e+01
7.358625030517578125e+01
1.289137573242187500e+02
1.013850021362304688e+02
1.022287521362304688e+02
1.214831314086914062e+02
1.192162551879882812e+02
1.442024993896484375e+02
1.328118743896484375e+02
9.204750061035156250e+01
5.474812698364257812e+01
2.353500175476074219e+01
1.050750064849853516e+01
3.262500166893005371e-01
0.000000000000000000e+00
0.000000000000000000e+00
0.000000000000000000e+00
0.000000000000000000e+00
0.000000000000000000e+00
0.000000000000000000e+00
0.000000000000000000e+00
0.000000000000000000e+00
0.000000000000000000e+00
7.655625343322753906e+00
4.973062515258789062e+01
9.904500579833984375e+01
1.532587585449218750e+02
2.045531311035156250e+02
2.394450073242187500e+02
2.755462646484375000e+02
2.626650085449218750e+02
2.134012603759765625e+02
1.289306335449218750e+02
1.114537582397460938e+02
9.223313140869140625e+01
6.998625183105468750e+01
2.723625183105468750e+01
1.552500009536743164e+00
0.000000000000000000e+00
0.000000000000000000e+00
0.000000000000000000e+00
0.000000000000000000e+00
0.000000000000000000e+00
0.000000000000000000e+00
0.000000000000000000e+00
0.000000000000000000e+00
0.000000000000000000e+00
6.553125381469726562e+00
4.457250213623046875e+01
9.362250518798828125e+01
1.375425109863281250e+02
1.832850036621093750e+02
2.107350158691406250e+02
2.109093780517578125e+02
2.297250061035156250e+02
2.085018768310546875e+02
1.852987518310546875e+02
1.378181304931640625e+02
9.271125030517578125e+01
6.187500381469726562e+01
2.500875091552734375e+01
9.337500333786010742e-01
0.000000000000000000e+00
0.000000000000000000e+00
0.000000000000000000e+00
0.000000000000000000e+00
0.000000000000000000e+00
0.000000000000000000e+00
0.000000000000000000e+00
0.000000000000000000e+00
0.000000000000000000e+00
6.626250267028808594e+00
4.568625259399414062e+01
9.774000549316406250e+01
1.513687591552734375e+02
1.659037628173828125e+02
1.660612640380859375e+02
1.740881347656250000e+02
1.777387542724609375e+02
1.266525039672851562e+02
1.217137527465820312e+02
1.283118743896484375e+02
9.052875518798828125e+01
5.739750289916992188e+01
1.792125129699707031e+01
1.001250028610229492e+00
0.000000000000000000e+00
0.000000000000000000e+00
0.000000000000000000e+00
0.000000000000000000e+00
0.000000000000000000e+00
0.000000000000000000e+00
0.000000000000000000e+00
0.000000000000000000e+00
0.000000000000000000e+00
5.985000133514404297e+00
4.406624984741210938e+01
7.561125183105468750e+01
1.107450027465820312e+02
1.575112609863281250e+02
1.863675079345703125e+02
2.215012512207031250e+02
1.837012634277343750e+02
1.594743804931640625e+02
1.355343780517578125e+02
1.298643798828125000e+02
8.655187988281250000e+01
6.394500350952148438e+01
2.435625076293945312e+01
7.312500476837158203e-01
0.000000000000000000e+00
0.000000000000000000e+00
0.000000000000000000e+00
0.000000000000000000e+00
0.000000000000000000e+00
0.000000000000000000e+00
0.000000000000000000e+00
0.000000000000000000e+00
0.000000000000000000e+00
5.940000057220458984e+00
4.573687744140625000e+01
9.984375762939453125e+01
1.593337554931640625e+02
2.099925079345703125e+02
2.483943786621093750e+02
2.712037658691406250e+02
2.738081359863281250e+02
2.634131469726562500e+02
2.334375152587890625e+02
1.899225006103515625e+02
1.356918792724609375e+02
7.767000579833984375e+01
2.599875068664550781e+01
6.975000500679016113e-01
0.000000000000000000e+00
0.000000000000000000e+00
0.000000000000000000e+00
0.000000000000000000e+00
0.000000000000000000e+00
0.000000000000000000e+00
0.000000000000000000e+00
0.000000000000000000e+00
0.000000000000000000e+00
4.201875209808349609e+00
3.011625099182128906e+01
7.187625122070312500e+01
9.516375732421875000e+01
1.036406326293945312e+02
1.571006317138671875e+02
1.430325012207031250e+02
1.473300018310546875e+02
1.404618835449218750e+02
1.669275054931640625e+02
1.557337493896484375e+02
1.067287521362304688e+02
5.733000183105468750e+01
2.050875091552734375e+01
4.725000262260437012e-01
0.000000000000000000e+00
0.000000000000000000e+00
0.000000000000000000e+00
0.000000000000000000e+00
0.000000000000000000e+00
0.000000000000000000e+00
0.000000000000000000e+00
0.000000000000000000e+00
0.000000000000000000e+00
4.539375305175781250e+00
3.802500152587890625e+01
9.042187500000000000e+01
1.401018829345703125e+02
1.839487609863281250e+02
2.141718902587890625e+02
2.476462554931640625e+02
2.484562530517578125e+02
2.242518768310546875e+02
2.153812561035156250e+02
1.436175079345703125e+02
1.000800018310546875e+02
6.639749908447265625e+01
1.976625061035156250e+01
2.643750011920928955e-01
0.000000000000000000e+00
0.000000000000000000e+00
0.000000000000000000e+00
0.000000000000000000e+00
0.000000000000000000e+00
0.000000000000000000e+00
0.000000000000000000e+00
0.000000000000000000e+00
0.000000000000000000e+00
1.428750038146972656e+00
2.485125160217285156e+01
5.234625244140625000e+01
7.422750091552734375e+01
1.144462509155273438e+02
1.365299987792968750e+02
1.816762542724609375e+02
1.971112518310546875e+02
2.112693786621093750e+02
1.547550048828125000e+02
1.143506317138671875e+02
8.915062713623046875e+01
5.283000183105468750e+01
1.555875015258789062e+01
2.137500047683715820e-01
0.000000000000000000e+00
0.000000000000000000e+00
0.000000000000000000e+00
0.000000000000000000e+00
0.000000000000000000e+00
0.000000000000000000e+00
0.000000000000000000e+00
0.000000000000000000e+00
0.000000000000000000e+00
3.459375143051147461e+00
3.585375213623046875e+01
8.760375213623046875e+01
1.390500030517578125e+02
1.714725036621093750e+02
1.897312622070312500e+02
1.325250091552734375e+02
2.049975128173828125e+02
1.941637573242187500e+02
1.804500122070312500e+02
1.322606353759765625e+02
1.131131286621093750e+02
6.590250396728515625e+01
1.937250137329101562e+01
1.237500011920928955e-01
0.000000000000000000e+00
0.000000000000000000e+00
0.000000000000000000e+00
0.000000000000000000e+00
0.000000000000000000e+00
0.000000000000000000e+00
0.000000000000000000e+00
0.000000000000000000e+00
0.000000000000000000e+00
3.476250171661376953e+00
3.841312789916992188e+01
9.231750488281250000e+01
1.482750091552734375e+02
1.988268890380859375e+02
2.356987609863281250e+02
2.535412597656250000e+02
2.592449951171875000e+02
2.430900115966796875e+02
2.190150146484375000e+02
1.774856262207031250e+02
1.243800048828125000e+02
6.784875488281250000e+01
1.884375000000000000e+01
6.187500059604644775e-02
0.000000000000000000e+00
0.000000000000000000e+00
0.000000000000000000e+00
0.000000000000000000e+00
0.000000000000000000e+00
0.000000000000000000e+00
0.000000000000000000e+00
0.000000000000000000e+00
0.000000000000000000e+00
3.071250200271606445e+00
3.677625274658203125e+01
8.978625488281250000e+01
1.463962554931640625e+02
1.958006286621093750e+02
2.332012634277343750e+02
2.550656280517578125e+02
2.600775146484375000e+02
2.472356414794921875e+02
2.176762542724609375e+02
1.741162567138671875e+02
1.208025054931640625e+02
6.488999938964843750e+01
1.719562530517578125e+01
1.687500067055225372e-02
0.000000000000000000e+00
0.000000000000000000e+00
0.000000000000000000e+00
0.000000000000000000e+00
0.000000000000000000e+00
0.000000000000000000e+00
0.000000000000000000e+00
0.000000000000000000e+00
0.000000000000000000e+00
2.722500085830688477e+00
3.542062759399414062e+01
8.767687988281250000e+01
1.424081268310546875e+02
1.909687500000000000e+02
2.275200042724609375e+02
2.498906402587890625e+02
2.450925140380859375e+02
2.209725036621093750e+02
1.946925048828125000e+02
1.602675018310546875e+02
9.522000122070312500e+01
2.189249992370605469e+01
7.503750324249267578e+00
0.000000000000000000e+00
0.000000000000000000e+00
0.000000000000000000e+00
0.000000000000000000e+00
0.000000000000000000e+00
0.000000000000000000e+00
0.000000000000000000e+00
0.000000000000000000e+00
0.000000000000000000e+00
0.000000000000000000e+00
1.766250014305114746e+00
2.367000007629394531e+01
6.538500213623046875e+01
1.186368789672851562e+02
1.378574981689453125e+02
1.224900054931640625e+02
9.092813110351562500e+01
4.528125000000000000e+01
2.441250038146972656e+01
3.269812774658203125e+01
3.347999954223632812e+01
3.376687622070312500e+01
1.855125045776367188e+01
5.422500133514404297e+00
0.000000000000000000e+00
0.000000000000000000e+00
0.000000000000000000e+00
0.000000000000000000e+00
0.000000000000000000e+00
0.000000000000000000e+00
0.000000000000000000e+00
0.000000000000000000e+00
0.000000000000000000e+00
0.000000000000000000e+00
1.181250095367431641e+00
1.790437507629394531e+01
3.423375320434570312e+01
6.388875198364257812e+01
8.996625518798828125e+01
1.163475036621093750e+02
1.254262542724609375e+02
9.585000610351562500e+01
1.150537567138671875e+02
9.592312622070312500e+01
9.168750000000000000e+01
8.289000701904296875e+01
4.721625137329101562e+01
1.062000083923339844e+01
0.000000000000000000e+00
0.000000000000000000e+00
0.000000000000000000e+00
0.000000000000000000e+00
0.000000000000000000e+00
0.000000000000000000e+00
0.000000000000000000e+00
0.000000000000000000e+00
0.000000000000000000e+00
0.000000000000000000e+00
1.507500052452087402e+00
2.336625099182128906e+01
6.094125366210937500e+01
1.060256271362304688e+02
1.828968811035156250e+02
1.977525024414062500e+02
2.079562530517578125e+02
2.158537597656250000e+02
1.762031250000000000e+02
1.593562622070312500e+02
1.293525085449218750e+02
8.922937774658203125e+01
4.654125213623046875e+01
9.945000648498535156e+00
0.000000000000000000e+00
0.000000000000000000e+00
0.000000000000000000e+00
0.000000000000000000e+00
0.000000000000000000e+00
0.000000000000000000e+00
0.000000000000000000e+00
0.000000000000000000e+00
0.000000000000000000e+00
0.000000000000000000e+00
1.355625033378601074e+00
2.087437629699707031e+01
5.703750228881835938e+01
1.041693801879882812e+02
1.525050048828125000e+02
1.921387634277343750e+02
2.021400146484375000e+02
2.146612548828125000e+02
1.985625152587890625e+02
1.742118835449218750e+02
1.387799987792968750e+02
8.236125183105468750e+01
4.318875122070312500e+01
8.505000114440917969e+00
0.000000000000000000e+00
0.000000000000000000e+00
0.000000000000000000e+00
0.000000000000000000e+00
0.000000000000000000e+00
0.000000000000000000e+00
0.000000000000000000e+00
0.000000000000000000e+00
0.000000000000000000e+00
0.000000000000000000e+00
1.276875019073486328e+00
3.064500045776367188e+01
6.711750030517578125e+01
1.402649993896484375e+02
1.887750091552734375e+02
2.277450103759765625e+02
2.006662597656250000e+02
1.770750122070312500e+02
1.872112579345703125e+02
1.523981323242187500e+02
1.382174987792968750e+02
8.489250183105468750e+01
4.738500213623046875e+01
9.697500228881835938e+00
0.000000000000000000e+00
0.000000000000000000e+00
0.000000000000000000e+00
0.000000000000000000e+00
0.000000000000000000e+00
0.000000000000000000e+00
0.000000000000000000e+00
0.000000000000000000e+00
0.000000000000000000e+00
0.000000000000000000e+00
1.192499995231628418e+00
2.963250160217285156e+01
8.094375610351562500e+01
1.380937500000000000e+02
1.879312591552734375e+02
2.220750122070312500e+02
1.976625061035156250e+02
1.853775024414062500e+02
1.389150085449218750e+02
9.340312957763671875e+01
9.117000579833984375e+01
6.221250152587890625e+01
3.688875198364257812e+01
6.120000362396240234e+00
0.000000000000000000e+00
0.000000000000000000e+00
0.000000000000000000e+00
0.000000000000000000e+00
0.000000000000000000e+00
0.000000000000000000e+00
0.000000000000000000e+00
0.000000000000000000e+00
0.000000000000000000e+00
0.000000000000000000e+00
7.200000286102294922e-01
2.265750122070312500e+01
6.639749908447265625e+01
1.022231292724609375e+02
1.023525009155273438e+02
1.431562500000000000e+02
1.530225067138671875e+02
1.597500000000000000e+02
1.639068756103515625e+02
1.040962524414062500e+02
1.295381317138671875e+02
9.108000183105468750e+01
2.808000183105468750e+01
3.735000133514404297e+00
0.000000000000000000e+00
0.000000000000000000e+00
0.000000000000000000e+00
0.000000000000000000e+00
0.000000000000000000e+00
0.000000000000000000e+00
0.000000000000000000e+00
0.000000000000000000e+00
0.000000000000000000e+00
0.000000000000000000e+00
5.568750500679016113e-01
1.675125122070312500e+01
3.991500091552734375e+01
8.052750396728515625e+01
9.952313232421875000e+01
1.364850006103515625e+02
1.928700103759765625e+02
2.245500030517578125e+02
1.914468841552734375e+02
1.714106292724609375e+02
1.115775070190429688e+02
6.888938140869140625e+01
3.035250091552734375e+01
4.972500324249267578e+00
0.000000000000000000e+00
0.000000000000000000e+00
0.000000000000000000e+00
0.000000000000000000e+00
0.000000000000000000e+00
0.000000000000000000e+00
0.000000000000000000e+00
0.000000000000000000e+00
0.000000000000000000e+00
0.000000000000000000e+00
4.106250107288360596e-01
1.433812522888183594e+01
5.306625366210937500e+01
9.843750762939453125e+01
1.178606262207031250e+02
1.620562591552734375e+02
1.139625015258789062e+02
9.141750335693359375e+01
8.141062927246093750e+01
7.789500427246093750e+01
4.158000183105468750e+01
3.634875106811523438e+01
1.856250000000000000e+01
3.397500038146972656e+00
0.000000000000000000e+00
0.000000000000000000e+00
0.000000000000000000e+00
0.000000000000000000e+00
0.000000000000000000e+00
0.000000000000000000e+00
0.000000000000000000e+00
0.000000000000000000e+00
0.000000000000000000e+00
0.000000000000000000e+00
2.418750077486038208e-01
9.450000762939453125e+00
2.720250129699707031e+01
7.845188140869140625e+01
8.656875610351562500e+01
9.158625030517578125e+01
1.006762542724609375e+02
8.028000640869140625e+01
1.200712585449218750e+02
1.239918823242187500e+02
9.378000640869140625e+01
6.006375122070312500e+01
2.484000015258789062e+01
3.555000066757202148e+00
0.000000000000000000e+00
0.000000000000000000e+00
0.000000000000000000e+00
0.000000000000000000e+00
0.000000000000000000e+00
0.000000000000000000e+00
0.000000000000000000e+00
0.000000000000000000e+00
0.000000000000000000e+00
0.000000000000000000e+00
2.362500131130218506e-01
1.300500011444091797e+01
5.360625076293945312e+01
8.262562561035156250e+01
1.122356262207031250e+02
1.587600097656250000e+02
1.653300018310546875e+02
1.781325073242187500e+02
1.506150054931640625e+02
1.008843765258789062e+02
7.688249969482421875e+01
4.677750015258789062e+01
3.391875076293945312e+01
4.938750267028808594e+00
0.000000000000000000e+00
0.000000000000000000e+00
0.000000000000000000e+00
0.000000000000000000e+00
0.000000000000000000e+00
0.000000000000000000e+00
0.000000000000000000e+00
0.000000000000000000e+00
0.000000000000000000e+00
0.000000000000000000e+00
2.756250202655792236e-01
2.058750152587890625e+01
5.254875183105468750e+01
6.622875213623046875e+01
5.071500015258789062e+01
6.031125259399414062e+01
6.633000183105468750e+01
4.543875122070312500e+01
5.040000152587890625e+01
8.348625183105468750e+01
9.522000122070312500e+01
7.426125335693359375e+01
3.020625114440917969e+01
3.735000133514404297e+00
0.000000000000000000e+00
0.000000000000000000e+00
0.000000000000000000e+00
0.000000000000000000e+00
0.000000000000000000e+00
0.000000000000000000e+00
0.000000000000000000e+00
0.000000000000000000e+00
0.000000000000000000e+00
0.000000000000000000e+00
1.800000071525573730e-01
1.539562606811523438e+01
6.305625152587890625e+01
9.268312835693359375e+01
1.139287567138671875e+02
1.379025115966796875e+02
1.814512634277343750e+02
2.035575103759765625e+02
1.708762512207031250e+02
1.303031311035156250e+02
1.010925064086914062e+02
5.857875061035156250e+01
2.691000175476074219e+01
2.632500171661376953e+00
0.000000000000000000e+00
0.000000000000000000e+00
0.000000000000000000e+00
0.000000000000000000e+00
0.000000000000000000e+00
0.000000000000000000e+00
0.000000000000000000e+00
0.000000000000000000e+00
0.000000000000000000e+00
0.000000000000000000e+00
1.012500077486038208e-01
1.302750015258789062e+01
8.623125076293945312e+00
2.219625091552734375e+01
2.521125030517578125e+01
4.869000244140625000e+01
4.926375198364257812e+01
1.197787551879882812e+02
1.639125061035156250e+02
1.571231384277343750e+02
9.807750701904296875e+01
7.334437561035156250e+01
2.571750068664550781e+01
2.519999980926513672e+00
0.000000000000000000e+00
0.000000000000000000e+00
0.000000000000000000e+00
0.000000000000000000e+00
0.000000000000000000e+00
0.000000000000000000e+00
0.000000000000000000e+00
0.000000000000000000e+00
0.000000000000000000e+00
0.000000000000000000e+00
1.687500067055225372e-02
3.915000200271606445e+00
1.872000122070312500e+01
2.715187644958496094e+01
3.784500122070312500e+01
4.603500366210937500e+01
5.934375381469726562e+01
7.727625274658203125e+01
1.534612579345703125e+02
1.575562591552734375e+02
1.163025054931640625e+02
6.087375259399414062e+01
2.759625053405761719e+01
1.811250090599060059e+00
0.000000000000000000e+00
0.000000000000000000e+00
0.000000000000000000e+00
0.000000000000000000e+00
0.000000000000000000e+00
0.000000000000000000e+00
0.000000000000000000e+00
0.000000000000000000e+00
0.000000000000000000e+00
0.000000000000000000e+00
1.687500067055225372e-02
5.776875019073486328e+00
2.727000045776367188e+01
6.437250518798828125e+01
1.113975067138671875e+02
1.525725097656250000e+02
1.643625030517578125e+02
1.600875091552734375e+02
1.574887542724609375e+02
1.243912582397460938e+02
1.189012527465820312e+02
6.617250061035156250e+01
2.984625053405761719e+01
1.935000061988830566e+00
0.000000000000000000e+00
0.000000000000000000e+00
0.000000000000000000e+00
0.000000000000000000e+00
0.000000000000000000e+00
0.000000000000000000e+00
0.000000000000000000e+00
0.000000000000000000e+00
0.000000000000000000e+00
0.000000000000000000e+00
5.625000223517417908e-03
1.747125053405761719e+01
5.424750137329101562e+01
9.857250213623046875e+01
1.440900115966796875e+02
1.808662567138671875e+02
2.122875061035156250e+02
1.819181365966796875e+02
1.598962554931640625e+02
1.469250030517578125e+02
1.071000061035156250e+02
6.727500152587890625e+01
2.353500175476074219e+01
1.575000047683715820e+00
0.000000000000000000e+00
0.000000000000000000e+00
0.000000000000000000e+00
0.000000000000000000e+00
0.000000000000000000e+00
0.000000000000000000e+00
0.000000000000000000e+00
0.000000000000000000e+00
0.000000000000000000e+00
0.000000000000000000e+00
0.000000000000000000e+00
1.558125019073486328e+01
5.220000076293945312e+01
9.874687957763671875e+01
1.314225006103515625e+02
1.737225036621093750e+02
1.374524993896484375e+02
1.120893783569335938e+02
1.504350128173828125e+02
9.362250518798828125e+01
1.036125030517578125e+02
6.462000274658203125e+01
2.345625114440917969e+01
1.023750066757202148e+00
0.000000000000000000e+00
0.000000000000000000e+00
0.000000000000000000e+00
0.000000000000000000e+00
0.000000000000000000e+00
0.000000000000000000e+00
0.000000000000000000e+00
0.000000000000000000e+00
0.000000000000000000e+00
0.000000000000000000e+00
0.000000000000000000e+00
1.388250064849853516e+01
5.830312728881835938e+01
1.118081283569335938e+02
1.610100097656250000e+02
1.984950103759765625e+02
1.946700134277343750e+02
1.867275085449218750e+02
1.658925018310546875e+02
1.420650024414062500e+02
9.468000030517578125e+01
5.726250076293945312e+01
2.428875160217285156e+01
1.012500047683715820e+00
0.000000000000000000e+00
0.000000000000000000e+00
0.000000000000000000e+00
0.000000000000000000e+00
0.000000000000000000e+00
0.000000000000000000e+00
0.000000000000000000e+00
0.000000000000000000e+00
0.000000000000000000e+00
0.000000000000000000e+00
0.000000000000000000e+00
1.352250099182128906e+01
5.423625183105468750e+01
9.054000091552734375e+01
1.173150024414062500e+02
1.257750015258789062e+02
1.321087493896484375e+02
1.409850006103515625e+02
1.339537506103515625e+02
1.115887527465820312e+02
9.201375579833984375e+01
5.292000198364257812e+01
2.053125000000000000e+01
6.187500357627868652e-01
0.000000000000000000e+00
0.000000000000000000e+00
0.000000000000000000e+00
0.000000000000000000e+00
0.000000000000000000e+00
0.000000000000000000e+00
0.000000000000000000e+00
0.000000000000000000e+00
0.000000000000000000e+00
0.000000000000000000e+00
0.000000000000000000e+00
1.089000034332275391e+01
4.862812805175781250e+01
8.145000457763671875e+01
1.294875030517578125e+02
1.477687530517578125e+02
1.802475128173828125e+02
1.985962524414062500e+02
1.796287536621093750e+02
1.299712524414062500e+02
9.834750366210937500e+01
5.061375045776367188e+01
1.288125038146972656e+01
1.912500113248825073e-01
0.000000000000000000e+00
0.000000000000000000e+00
0.000000000000000000e+00
0.000000000000000000e+00
0.000000000000000000e+00
0.000000000000000000e+00
0.000000000000000000e+00
0.000000000000000000e+00
0.000000000000000000e+00
0.000000000000000000e+00
0.000000000000000000e+00
9.135000228881835938e+00
4.653000259399414062e+01
8.155687713623046875e+01
1.356750030517578125e+02
1.832175140380859375e+02
1.846237640380859375e+02
1.652400054931640625e+02
1.436962585449218750e+02
7.594875335693359375e+01
5.242500305175781250e+01
3.385124969482421875e+01
1.509750080108642578e+01
2.812500000000000000e-01
0.000000000000000000e+00
0.000000000000000000e+00
0.000000000000000000e+00
0.000000000000000000e+00
0.000000000000000000e+00
0.000000000000000000e+00
0.000000000000000000e+00
0.000000000000000000e+00
0.000000000000000000e+00
0.000000000000000000e+00
0.000000000000000000e+00
7.503750324249267578e+00
3.753000259399414062e+01
7.733250427246093750e+01
1.257300033569335938e+02
1.510987548828125000e+02
1.647112579345703125e+02
1.579837493896484375e+02
1.028137512207031250e+02
1.117012557983398438e+02
5.710500335693359375e+01
3.544874954223632812e+01
1.293750095367431641e+01
1.800000071525573730e-01
0.000000000000000000e+00
0.000000000000000000e+00
0.000000000000000000e+00
0.000000000000000000e+00
0.000000000000000000e+00
0.000000000000000000e+00
0.000000000000000000e+00
0.000000000000000000e+00
0.000000000000000000e+00
0.000000000000000000e+00
0.000000000000000000e+00
4.860000133514404297e+00
2.966062545776367188e+01
4.210875320434570312e+01
8.080875396728515625e+01
1.447200012207031250e+02
1.648237609863281250e+02
1.537762603759765625e+02
9.703125762939453125e+01
9.993375396728515625e+01
5.492250061035156250e+01
3.371625137329101562e+01
1.288125038146972656e+01
9.000000357627868652e-02
0.000000000000000000e+00
0.000000000000000000e+00
0.000000000000000000e+00
0.000000000000000000e+00
0.000000000000000000e+00
0.000000000000000000e+00
0.000000000000000000e+00
0.000000000000000000e+00
0.000000000000000000e+00
0.000000000000000000e+00
0.000000000000000000e+00
7.818750381469726562e+00
1.749375152587890625e+01
5.271750259399414062e+01
8.242875671386718750e+01
1.231087570190429688e+02
1.352812500000000000e+02
8.687250518798828125e+01
4.801500320434570312e+01
3.947624969482421875e+01
3.096000099182128906e+01
2.029500007629394531e+01
3.937500238418579102e+00
2.250000089406967163e-02
0.000000000000000000e+00
0.000000000000000000e+00
0.000000000000000000e+00
0.000000000000000000e+00
0.000000000000000000e+00
0.000000000000000000e+00
0.000000000000000000e+00
0.000000000000000000e+00
0.000000000000000000e+00
0.000000000000000000e+00
0.000000000000000000e+00
2.643750190734863281e+00
1.308375072479248047e+01
4.239000320434570312e+01
5.953500366210937500e+01
5.292000198364257812e+01
7.621875000000000000e+01
1.209037551879882812e+02
9.666000366210937500e+01
8.202375030517578125e+01
8.167500305175781250e+01
3.504375076293945312e+01
1.113750076293945312e+01
1.125000044703483582e-02
0.000000000000000000e+00
0.000000000000000000e+00
0.000000000000000000e+00
0.000000000000000000e+00
0.000000000000000000e+00
0.000000000000000000e+00
0.000000000000000000e+00
0.000000000000000000e+00
0.000000000000000000e+00
0.000000000000000000e+00
0.000000000000000000e+00
3.273750066757202148e+00
2.674125099182128906e+01
5.402250289916992188e+01
8.170875549316406250e+01
1.078650054931640625e+02
1.260787582397460938e+02
1.267987518310546875e+02
1.410693817138671875e+02
1.167075042724609375e+02
6.381000137329101562e+01
3.813750076293945312e+01
9.539999961853027344e+00
0.000000000000000000e+00
0.000000000000000000e+00
0.000000000000000000e+00
0.000000000000000000e+00
0.000000000000000000e+00
0.000000000000000000e+00
0.000000000000000000e+00
0.000000000000000000e+00
0.000000000000000000e+00
0.000000000000000000e+00
0.000000000000000000e+00
0.000000000000000000e+00
5.231250286102294922e+00
2.427750015258789062e+01
6.087375259399414062e+01
9.778500366210937500e+01
1.221750030517578125e+02
1.153687515258789062e+02
9.204750061035156250e+01
9.701438140869140625e+01
1.050300064086914062e+02
9.032625579833984375e+01
4.563000106811523438e+01
1.197000026702880859e+01
0.000000000000000000e+00
0.000000000000000000e+00
0.000000000000000000e+00
0.000000000000000000e+00
0.000000000000000000e+00
0.000000000000000000e+00
0.000000000000000000e+00
0.000000000000000000e+00
0.000000000000000000e+00
0.000000000000000000e+00
0.000000000000000000e+00
0.000000000000000000e+00
5.872500419616699219e+00
2.252250099182128906e+01
4.872375106811523438e+01
8.380125427246093750e+01
1.083262557983398438e+02
1.132875061035156250e+02
9.361125183105468750e+01
8.167500305175781250e+01
8.431875610351562500e+01
5.496750259399414062e+01
3.434625244140625000e+01
8.268750190734863281e+00
0.000000000000000000e+00
0.000000000000000000e+00
0.000000000000000000e+00
0.000000000000000000e+00
0.000000000000000000e+00
0.000000000000000000e+00
0.000000000000000000e+00
0.000000000000000000e+00
0.000000000000000000e+00
0.000000000000000000e+00
0.000000000000000000e+00
0.000000000000000000e+00
6.480000495910644531e+00
3.147750091552734375e+01
6.880500030517578125e+01
7.989750671386718750e+01
1.582200012207031250e+02
1.734975128173828125e+02
1.891125030517578125e+02
1.718662567138671875e+02
1.394887542724609375e+02
9.297000122070312500e+01
4.827375030517578125e+01
9.045000076293945312e+00
0.000000000000000000e+00
0.000000000000000000e+00
0.000000000000000000e+00
0.000000000000000000e+00
0.000000000000000000e+00
0.000000000000000000e+00
0.000000000000000000e+00
0.000000000000000000e+00
0.000000000000000000e+00
0.000000000000000000e+00
0.000000000000000000e+00
0.000000000000000000e+00
4.933125019073486328e+00
3.161250114440917969e+01
6.571125030517578125e+01
1.004062576293945312e+02
1.284075012207031250e+02
1.457437591552734375e+02
1.395900115966796875e+02
1.277550048828125000e+02
1.060425033569335938e+02
6.520500183105468750e+01
4.079250335693359375e+01
9.652500152587890625e+00
0.000000000000000000e+00
0.000000000000000000e+00
0.000000000000000000e+00
0.000000000000000000e+00
0.000000000000000000e+00
0.000000000000000000e+00
0.000000000000000000e+00
0.000000000000000000e+00
0.000000000000000000e+00
0.000000000000000000e+00
0.000000000000000000e+00
0.000000000000000000e+00
3.150000095367431641e+00
1.373625087738037109e+01
5.161500167846679688e+01
1.148625030517578125e+02
1.474312591552734375e+02
1.542037506103515625e+02
1.509637603759765625e+02
1.403887481689453125e+02
1.049062576293945312e+02
5.307750320434570312e+01
3.593250274658203125e+01
8.190000534057617188e+00
0.000000000000000000e+00
0.000000000000000000e+00
0.000000000000000000e+00
0.000000000000000000e+00
0.000000000000000000e+00
0.000000000000000000e+00
0.000000000000000000e+00
0.000000000000000000e+00
0.000000000000000000e+00
0.000000000000000000e+00
0.000000000000000000e+00
0.000000000000000000e+00
4.308750152587890625e+00
1.768500137329101562e+01
4.272750091552734375e+01
3.942000198364257812e+01
3.732750320434570312e+01
4.243500137329101562e+01
3.039750099182128906e+01
1.941750144958496094e+01
1.545750045776367188e+01
1.589625072479248047e+01
4.950000286102294922e+00
1.766250014305114746e+00
0.000000000000000000e+00
0.000000000000000000e+00
0.000000000000000000e+00
0.000000000000000000e+00
0.000000000000000000e+00
0.000000000000000000e+00
0.000000000000000000e+00
0.000000000000000000e+00
0.000000000000000000e+00
0.000000000000000000e+00
0.000000000000000000e+00
0.000000000000000000e+00
6.412500143051147461e-01
1.458000087738037109e+01
3.728250122070312500e+01
7.209000396728515625e+01
1.440337524414062500e+02
1.568812561035156250e+02
1.299375000000000000e+02
1.330425109863281250e+02
1.147162551879882812e+02
8.766000366210937500e+01
3.018375205993652344e+01
5.940000057220458984e+00
0.000000000000000000e+00
0.000000000000000000e+00
0.000000000000000000e+00
0.000000000000000000e+00
0.000000000000000000e+00
0.000000000000000000e+00
0.000000000000000000e+00
0.000000000000000000e+00
0.000000000000000000e+00
0.000000000000000000e+00
0.000000000000000000e+00
0.000000000000000000e+00
3.465000152587890625e+00
2.256750106811523438e+01
5.985000228881835938e+01
6.773625183105468750e+01
1.000125045776367188e+02
9.837000274658203125e+01
1.086975021362304688e+02
8.148375701904296875e+01
7.517250061035156250e+01
4.438125228881835938e+01
1.461375045776367188e+01
1.710000038146972656e+00
0.000000000000000000e+00
0.000000000000000000e+00
0.000000000000000000e+00
0.000000000000000000e+00
0.000000000000000000e+00
0.000000000000000000e+00
0.000000000000000000e+00
0.000000000000000000e+00
0.000000000000000000e+00
0.000000000000000000e+00
0.000000000000000000e+00
0.000000000000000000e+00
2.925000190734863281e-01
2.418750047683715820e+00
1.067625045776367188e+01
1.937250137329101562e+01
3.917250061035156250e+01
2.499750137329101562e+01
1.846125030517578125e+01
1.933875083923339844e+01
5.226750183105468750e+01
5.812875366210937500e+01
3.886875152587890625e+01
5.782500267028808594e+00
0.000000000000000000e+00
0.000000000000000000e+00
0.000000000000000000e+00
0.000000000000000000e+00
0.000000000000000000e+00
0.000000000000000000e+00
0.000000000000000000e+00
0.000000000000000000e+00
0.000000000000000000e+00
0.000000000000000000e+00
0.000000000000000000e+00
0.000000000000000000e+00
2.283750057220458984e+00
2.176875114440917969e+01
4.777875137329101562e+01
8.636625671386718750e+01
1.243012542724609375e+02
1.218037567138671875e+02
9.846000671386718750e+01
9.735750579833984375e+01
8.202375030517578125e+01
5.284125137329101562e+01
2.437875175476074219e+01
3.915000200271606445e+00
0.000000000000000000e+00
0.000000000000000000e+00
0.000000000000000000e+00
0.000000000000000000e+00
0.000000000000000000e+00
0.000000000000000000e+00
0.000000000000000000e+00
0.000000000000000000e+00
0.000000000000000000e+00
0.000000000000000000e+00
0.000000000000000000e+00
0.000000000000000000e+00
1.035000085830688477e+00
1.273500061035156250e+01
3.152250099182128906e+01
8.085375213623046875e+01
1.006200027465820312e+02
1.118475036621093750e+02
4.840875244140625000e+01
3.646125030517578125e+01
3.261375045776367188e+01
1.118250083923339844e+01
4.826250076293945312e+00
8.887500166893005371e-01
0.000000000000000000e+00
0.000000000000000000e+00
0.000000000000000000e+00
0.000000000000000000e+00
0.000000000000000000e+00
0.000000000000000000e+00
0.000000000000000000e+00
0.000000000000000000e+00
0.000000000000000000e+00
0.000000000000000000e+00
0.000000000000000000e+00
0.000000000000000000e+00
8.325000405311584473e-01
1.147500038146972656e+01
3.116250038146972656e+01
3.997125244140625000e+01
3.613500213623046875e+01
2.522250175476074219e+01
6.174000167846679688e+01
1.191150054931640625e+02
8.688375091552734375e+01
5.596875381469726562e+01
2.715750122070312500e+01
3.318750143051147461e+00
0.000000000000000000e+00
0.000000000000000000e+00
0.000000000000000000e+00
0.000000000000000000e+00
0.000000000000000000e+00
0.000000000000000000e+00
0.000000000000000000e+00
0.000000000000000000e+00
0.000000000000000000e+00
0.000000000000000000e+00
0.000000000000000000e+00
0.000000000000000000e+00
1.575000047683715820e+00
2.072250175476074219e+01
4.502250289916992188e+01
8.940375518798828125e+01
1.009462509155273438e+02
9.436500549316406250e+01
1.063575057983398438e+02
1.042537536621093750e+02
7.582500457763671875e+01
5.108625030517578125e+01
1.629000091552734375e+01
1.878750085830688477e+00
0.000000000000000000e+00
0.000000000000000000e+00
0.000000000000000000e+00
0.000000000000000000e+00
0.000000000000000000e+00
0.000000000000000000e+00
0.000000000000000000e+00
0.000000000000000000e+00
0.000000000000000000e+00
0.000000000000000000e+00
0.000000000000000000e+00
0.000000000000000000e+00
9.112500548362731934e-01
1.060875034332275391e+01
2.935125160217285156e+01
5.513625335693359375e+01
6.131250381469726562e+01
7.831125640869140625e+01
7.098750305175781250e+01
3.981375122070312500e+01
3.400875091552734375e+01
3.479625320434570312e+01
1.454625034332275391e+01
2.261250019073486328e+00
0.000000000000000000e+00
0.000000000000000000e+00
0.000000000000000000e+00
0.000000000000000000e+00
0.000000000000000000e+00
0.000000000000000000e+00
0.000000000000000000e+00
0.000000000000000000e+00
0.000000000000000000e+00
0.000000000000000000e+00
0.000000000000000000e+00
0.000000000000000000e+00
4.950000047683715820e-01
1.245375061035156250e+01
2.957625198364257812e+01
5.130000305175781250e+01
5.386500167846679688e+01
7.114500427246093750e+01
8.760375213623046875e+01
8.802000427246093750e+01
7.342875671386718750e+01
5.144625091552734375e+01
1.809000015258789062e+01
1.462500095367431641e+00
0.000000000000000000e+00
0.000000000000000000e+00
0.000000000000000000e+00
0.000000000000000000e+00
0.000000000000000000e+00
0.000000000000000000e+00
0.000000000000000000e+00
0.000000000000000000e+00
0.000000000000000000e+00
0.000000000000000000e+00
0.000000000000000000e+00
0.000000000000000000e+00
9.787500500679016113e-01
8.876250267028808594e+00
2.673000144958496094e+01
7.579125213623046875e+01
8.737875366210937500e+01
7.555500030517578125e+01
1.121512527465820312e+02
1.119825057983398438e+02
8.383500671386718750e+01
4.353750228881835938e+01
2.048624992370605469e+01
1.372500061988830566e+00
0.000000000000000000e+00
0.000000000000000000e+00
0.000000000000000000e+00
0.000000000000000000e+00
0.000000000000000000e+00
0.000000000000000000e+00
0.000000000000000000e+00
0.000000000000000000e+00
0.000000000000000000e+00
0.000000000000000000e+00
0.000000000000000000e+00
0.000000000000000000e+00
1.001250028610229492e+00
2.238750076293945312e+01
5.109750366210937500e+01
8.502750396728515625e+01
1.000350036621093750e+02
8.063999938964843750e+01
1.028137512207031250e+02
1.032300033569335938e+02
6.986250305175781250e+01
5.229000091552734375e+01
2.461500167846679688e+01
1.248750090599060059e+00
0.000000000000000000e+00
0.000000000000000000e+00
0.000000000000000000e+00
0.000000000000000000e+00
0.000000000000000000e+00
0.000000000000000000e+00
0.000000000000000000e+00
0.000000000000000000e+00
0.000000000000000000e+00
0.000000000000000000e+00
0.000000000000000000e+00
0.000000000000000000e+00
8.437500596046447754e-01
2.512125015258789062e+01
5.743125152587890625e+01
1.110262527465820312e+02
1.428637542724609375e+02
1.552725067138671875e+02
1.585575103759765625e+02
1.351575012207031250e+02
1.143337554931640625e+02
6.926625061035156250e+01
2.766375160217285156e+01
1.226250052452087402e+00
0.000000000000000000e+00
0.000000000000000000e+00
0.000000000000000000e+00
0.000000000000000000e+00
0.000000000000000000e+00
0.000000000000000000e+00
0.000000000000000000e+00
0.000000000000000000e+00
0.000000000000000000e+00
0.000000000000000000e+00
0.000000000000000000e+00
0.000000000000000000e+00
7.312500476837158203e-01
2.541375160217285156e+01
7.134750366210937500e+01
1.157512512207031250e+02
1.491300048828125000e+02
1.672875061035156250e+02
1.680525054931640625e+02
1.513575134277343750e+02
1.189575042724609375e+02
7.508250427246093750e+01
2.831625175476074219e+01
1.080000042915344238e+00
0.000000000000000000e+00
0.000000000000000000e+00
0.000000000000000000e+00
0.000000000000000000e+00
0.000000000000000000e+00
0.000000000000000000e+00
0.000000000000000000e+00
0.000000000000000000e+00
0.000000000000000000e+00
0.000000000000000000e+00
0.000000000000000000e+00
0.000000000000000000e+00
5.850000381469726562e-01
2.005875015258789062e+01
5.842125320434570312e+01
9.685125732421875000e+01
1.395787506103515625e+02
1.634737548828125000e+02
1.639687500000000000e+02
1.463400115966796875e+02
1.136025009155273438e+02
7.060500335693359375e+01
2.576250076293945312e+01
7.762500047683715820e-01
0.000000000000000000e+00
0.000000000000000000e+00
0.000000000000000000e+00
0.000000000000000000e+00
0.000000000000000000e+00
0.000000000000000000e+00
0.000000000000000000e+00
0.000000000000000000e+00
0.000000000000000000e+00
0.000000000000000000e+00
0.000000000000000000e+00
0.000000000000000000e+00
4.387500286102294922e-01
2.410875129699707031e+01
7.015500640869140625e+01
1.144237518310546875e+02
1.475774993896484375e+02
1.658025054931640625e+02
1.657462615966796875e+02
1.482525024414062500e+02
1.153125076293945312e+02
7.126875305175781250e+01
2.518875122070312500e+01
5.962499976158142090e-01
0.000000000000000000e+00
0.000000000000000000e+00
0.000000000000000000e+00
0.000000000000000000e+00
0.000000000000000000e+00
0.000000000000000000e+00
0.000000000000000000e+00
0.000000000000000000e+00
0.000000000000000000e+00
0.000000000000000000e+00
0.000000000000000000e+00
0.000000000000000000e+00
3.149999976158142090e-01
2.021625137329101562e+01
6.006375122070312500e+01
1.003275070190429688e+02
1.364625091552734375e+02
1.547887573242187500e+02
1.579950103759765625e+02
1.448325042724609375e+02
1.122637557983398438e+02
6.926625061035156250e+01
2.363625144958496094e+01
4.275000095367431641e-01
0.000000000000000000e+00
0.000000000000000000e+00
0.000000000000000000e+00
0.000000000000000000e+00
0.000000000000000000e+00
0.000000000000000000e+00
0.000000000000000000e+00
0.000000000000000000e+00
0.000000000000000000e+00
0.000000000000000000e+00
0.000000000000000000e+00
0.000000000000000000e+00
2.137500047683715820e-01
1.980000114440917969e+01
6.332625198364257812e+01
1.121962509155273438e+02
1.437525024414062500e+02
1.598175048828125000e+02
1.565325012207031250e+02
1.396012573242187500e+02
1.061325073242187500e+02
6.255000305175781250e+01
2.027250099182128906e+01
2.475000023841857910e-01
0.000000000000000000e+00
0.000000000000000000e+00
0.000000000000000000e+00
0.000000000000000000e+00
0.000000000000000000e+00
0.000000000000000000e+00
0.000000000000000000e+00
0.000000000000000000e+00
0.000000000000000000e+00
0.000000000000000000e+00
0.000000000000000000e+00
0.000000000000000000e+00
1.237500011920928955e-01
1.720125007629394531e+01
3.729375076293945312e+01
6.504750061035156250e+01
1.032525024414062500e+02
1.018012542724609375e+02
9.651375579833984375e+01
8.626500701904296875e+01
6.592500305175781250e+01
4.216500091552734375e+01
1.500750064849853516e+01
1.462500095367431641e-01
0.000000000000000000e+00
0.000000000000000000e+00
0.000000000000000000e+00
0.000000000000000000e+00
0.000000000000000000e+00
0.000000000000000000e+00
0.000000000000000000e+00
0.000000000000000000e+00
0.000000000000000000e+00
0.000000000000000000e+00
0.000000000000000000e+00
0.000000000000000000e+00
4.500000178813934326e-02
1.184625053405761719e+01
2.970000076293945312e+01
6.268500137329101562e+01
1.126012573242187500e+02
1.046475067138671875e+02
9.043875122070312500e+01
4.040999984741210938e+01
2.176875114440917969e+01
9.798749923706054688e+00
3.881250143051147461e+00
4.500000178813934326e-02
0.000000000000000000e+00
0.000000000000000000e+00
0.000000000000000000e+00
0.000000000000000000e+00
0.000000000000000000e+00
0.000000000000000000e+00
0.000000000000000000e+00
0.000000000000000000e+00
0.000000000000000000e+00
0.000000000000000000e+00
0.000000000000000000e+00
0.000000000000000000e+00
2.250000089406967163e-02
1.684125137329101562e+01
5.387625122070312500e+01
7.581375122070312500e+01
1.172700042724609375e+02
1.279350051879882812e+02
1.110037536621093750e+02
5.959125137329101562e+01
5.715000152587890625e+01
3.740625000000000000e+01
1.416375064849853516e+01
2.250000089406967163e-02
0.000000000000000000e+00
0.000000000000000000e+00
0.000000000000000000e+00
0.000000000000000000e+00
0.000000000000000000e+00
0.000000000000000000e+00
0.000000000000000000e+00
0.000000000000000000e+00
0.000000000000000000e+00
0.000000000000000000e+00
0.000000000000000000e+00
0.000000000000000000e+00
0.000000000000000000e+00
4.005000114440917969e+00
1.269000053405761719e+01
2.100375175476074219e+01
3.936375045776367188e+01
5.474250030517578125e+01
6.919875335693359375e+01
6.320250320434570312e+01
4.865625381469726562e+01
3.277125167846679688e+01
1.159875011444091797e+01
1.125000044703483582e-02
0.000000000000000000e+00
0.000000000000000000e+00
0.000000000000000000e+00
0.000000000000000000e+00
0.000000000000000000e+00
0.000000000000000000e+00
0.000000000000000000e+00
0.000000000000000000e+00
0.000000000000000000e+00
0.000000000000000000e+00
0.000000000000000000e+00
0.000000000000000000e+00
0.000000000000000000e+00
9.607500076293945312e+00
3.251250076293945312e+01
5.305500030517578125e+01
7.068375396728515625e+01
6.274125289916992188e+01
5.432625198364257812e+01
3.210750198364257812e+01
2.517750167846679688e+01
1.266750049591064453e+01
4.522500038146972656e+00
0.000000000000000000e+00
0.000000000000000000e+00
0.000000000000000000e+00
0.000000000000000000e+00
0.000000000000000000e+00
0.000000000000000000e+00
0.000000000000000000e+00
0.000000000000000000e+00
0.000000000000000000e+00
0.000000000000000000e+00
0.000000000000000000e+00
0.000000000000000000e+00
0.000000000000000000e+00
0.000000000000000000e+00
3.408750057220458984e+00
1.618875122070312500e+01
2.434500122070312500e+01
3.840750122070312500e+01
6.970500183105468750e+01
8.851500701904296875e+01
8.781750488281250000e+01
7.930125427246093750e+01
4.402125167846679688e+01
1.094624996185302734e+01
0.000000000000000000e+00
0.000000000000000000e+00
0.000000000000000000e+00
0.000000000000000000e+00
0.000000000000000000e+00
0.000000000000000000e+00
0.000000000000000000e+00
0.000000000000000000e+00
0.000000000000000000e+00
0.000000000000000000e+00
0.000000000000000000e+00
0.000000000000000000e+00
0.000000000000000000e+00
0.000000000000000000e+00
5.861250400543212891e+00
3.358125305175781250e+01
5.690250396728515625e+01
5.215500259399414062e+01
5.591250228881835938e+01
5.313375091552734375e+01
7.062750244140625000e+01
4.957875061035156250e+01
2.026125144958496094e+01
5.478750228881835938e+00
0.000000000000000000e+00
0.000000000000000000e+00
0.000000000000000000e+00
0.000000000000000000e+00
0.000000000000000000e+00
0.000000000000000000e+00
0.000000000000000000e+00
0.000000000000000000e+00
0.000000000000000000e+00
0.000000000000000000e+00
0.000000000000000000e+00
0.000000000000000000e+00
0.000000000000000000e+00
0.000000000000000000e+00
4.871250152587890625e+00
4.316625213623046875e+01
5.954625320434570312e+01
9.826875305175781250e+01
9.648000335693359375e+01
1.093725051879882812e+02
1.053787536621093750e+02
6.558750152587890625e+01
3.360375213623046875e+01
9.798749923706054688e+00
0.000000000000000000e+00
0.000000000000000000e+00
0.000000000000000000e+00
0.000000000000000000e+00
0.000000000000000000e+00
0.000000000000000000e+00
0.000000000000000000e+00
0.000000000000000000e+00
0.000000000000000000e+00
0.000000000000000000e+00
0.000000000000000000e+00
0.000000000000000000e+00
0.000000000000000000e+00
0.000000000000000000e+00
4.117500305175781250e+00
2.293875122070312500e+01
3.999375152587890625e+01
3.793500137329101562e+01
3.893625259399414062e+01
3.614625167846679688e+01
2.395125007629394531e+01
2.299500083923339844e+01
6.862500190734863281e+00
1.361250042915344238e+00
0.000000000000000000e+00
0.000000000000000000e+00
0.000000000000000000e+00
0.000000000000000000e+00
0.000000000000000000e+00
0.000000000000000000e+00
0.000000000000000000e+00
0.000000000000000000e+00
0.000000000000000000e+00
0.000000000000000000e+00
0.000000000000000000e+00
0.000000000000000000e+00
0.000000000000000000e+00
0.000000000000000000e+00
3.768750190734863281e+00
4.892625045776367188e+01
8.129250335693359375e+01
1.149187545776367188e+02
1.251000061035156250e+02
1.259437561035156250e+02
9.769500732421875000e+01
8.223750305175781250e+01
4.072500228881835938e+01
9.022500038146972656e+00
0.000000000000000000e+00
0.000000000000000000e+00
0.000000000000000000e+00
0.000000000000000000e+00
0.000000000000000000e+00
0.000000000000000000e+00
0.000000000000000000e+00
0.000000000000000000e+00
0.000000000000000000e+00
0.000000000000000000e+00
0.000000000000000000e+00
0.000000000000000000e+00
0.000000000000000000e+00
0.000000000000000000e+00
8.257500648498535156e+00
3.615750122070312500e+01
6.257250213623046875e+01
1.133775024414062500e+02
1.261462554931640625e+02
1.161000061035156250e+02
9.172125244140625000e+01
6.411375427246093750e+01
3.003750038146972656e+01
7.526250362396240234e+00
0.000000000000000000e+00
0.000000000000000000e+00
0.000000000000000000e+00
0.000000000000000000e+00
0.000000000000000000e+00
0.000000000000000000e+00
0.000000000000000000e+00
0.000000000000000000e+00
0.000000000000000000e+00
0.000000000000000000e+00
0.000000000000000000e+00
0.000000000000000000e+00
0.000000000000000000e+00
0.000000000000000000e+00
4.184999942779541016e+00
1.907999992370605469e+01
4.885875320434570312e+01
6.909750366210937500e+01
8.240625000000000000e+01
7.835625457763671875e+01
4.975875091552734375e+01
4.135500335693359375e+01
2.054250144958496094e+01
4.545000076293945312e+00
0.000000000000000000e+00
0.000000000000000000e+00
0.000000000000000000e+00
0.000000000000000000e+00
0.000000000000000000e+00
0.000000000000000000e+00
0.000000000000000000e+00
0.000000000000000000e+00
0.000000000000000000e+00
0.000000000000000000e+00
0.000000000000000000e+00
0.000000000000000000e+00
0.000000000000000000e+00
0.000000000000000000e+00
1.833750128746032715e+00
9.045000076293945312e+00
1.861875152587890625e+01
3.709125137329101562e+01
3.852000045776367188e+01
4.848750305175781250e+01
6.451875305175781250e+01
3.924000167846679688e+01
2.446875190734863281e+01
5.422500133514404297e+00
0.000000000000000000e+00
0.000000000000000000e+00
0.000000000000000000e+00
0.000000000000000000e+00
0.000000000000000000e+00
0.000000000000000000e+00
0.000000000000000000e+00
0.000000000000000000e+00
0.000000000000000000e+00
0.000000000000000000e+00
0.000000000000000000e+00
0.000000000000000000e+00
0.000000000000000000e+00
0.000000000000000000e+00
6.783750057220458984e+00
3.723750305175781250e+01
6.495750427246093750e+01
9.396000671386718750e+01
1.205662536621093750e+02
1.202512512207031250e+02
1.072462539672851562e+02
7.258499908447265625e+01
3.255750274658203125e+01
5.748750209808349609e+00
0.000000000000000000e+00
0.000000000000000000e+00
0.000000000000000000e+00
0.000000000000000000e+00
0.000000000000000000e+00
0.000000000000000000e+00
0.000000000000000000e+00
0.000000000000000000e+00
0.000000000000000000e+00
0.000000000000000000e+00
0.000000000000000000e+00
0.000000000000000000e+00
0.000000000000000000e+00
0.000000000000000000e+00
5.793750286102294922e+00
2.856375122070312500e+01
5.073750305175781250e+01
6.516000366210937500e+01
9.255375671386718750e+01
8.753625488281250000e+01
6.948000335693359375e+01
5.610375213623046875e+01
2.470500183105468750e+01
4.297500133514404297e+00
0.000000000000000000e+00
0.000000000000000000e+00
0.000000000000000000e+00
0.000000000000000000e+00
0.000000000000000000e+00
0.000000000000000000e+00
0.000000000000000000e+00
0.000000000000000000e+00
0.000000000000000000e+00
0.000000000000000000e+00
0.000000000000000000e+00
0.000000000000000000e+00
0.000000000000000000e+00
0.000000000000000000e+00
4.927500247955322266e+00
2.782125091552734375e+01
5.970375061035156250e+01
8.890875244140625000e+01
1.000912551879882812e+02
1.074150009155273438e+02
8.503874969482421875e+01
6.033375167846679688e+01
2.729250144958496094e+01
4.635000228881835938e+00
0.000000000000000000e+00
0.000000000000000000e+00
0.000000000000000000e+00
0.000000000000000000e+00
0.000000000000000000e+00
0.000000000000000000e+00
0.000000000000000000e+00
0.000000000000000000e+00
0.000000000000000000e+00
0.000000000000000000e+00
0.000000000000000000e+00
0.000000000000000000e+00
0.000000000000000000e+00
0.000000000000000000e+00
2.587500095367431641e+00
1.825875091552734375e+01
2.710125160217285156e+01
1.921500015258789062e+01
1.903499984741210938e+01
1.334250068664550781e+01
9.776250839233398438e+00
4.848750114440917969e+00
3.285000085830688477e+00
5.400000214576721191e-01
0.000000000000000000e+00
0.000000000000000000e+00
0.000000000000000000e+00
0.000000000000000000e+00
0.000000000000000000e+00
0.000000000000000000e+00
0.000000000000000000e+00
0.000000000000000000e+00
0.000000000000000000e+00
0.000000000000000000e+00
0.000000000000000000e+00
0.000000000000000000e+00
0.000000000000000000e+00
0.000000000000000000e+00
3.240000247955322266e+00
2.919375038146972656e+01
5.445000076293945312e+01
7.707375335693359375e+01
9.425250244140625000e+01
6.435000610351562500e+01
5.230125045776367188e+01
3.983625030517578125e+01
1.867500114440917969e+01
2.722500085830688477e+00
0.000000000000000000e+00
0.000000000000000000e+00
0.000000000000000000e+00
0.000000000000000000e+00
0.000000000000000000e+00
0.000000000000000000e+00
0.000000000000000000e+00
0.000000000000000000e+00
0.000000000000000000e+00
0.000000000000000000e+00
0.000000000000000000e+00
0.000000000000000000e+00
0.000000000000000000e+00
0.000000000000000000e+00
6.412500143051147461e-01
7.166250228881835938e+00
9.090000152587890625e+00
1.347750091552734375e+01
1.036125087738037109e+01
1.364625072479248047e+01
1.332000064849853516e+01
9.000000000000000000e+00
4.275000095367431641e+00
7.087500095367431641e-01
0.000000000000000000e+00
0.000000000000000000e+00
0.000000000000000000e+00
0.000000000000000000e+00
0.000000000000000000e+00
0.000000000000000000e+00
0.000000000000000000e+00
0.000000000000000000e+00
0.000000000000000000e+00
0.000000000000000000e+00
0.000000000000000000e+00
0.000000000000000000e+00
0.000000000000000000e+00
0.000000000000000000e+00
1.215000033378601074e+00
9.292500495910644531e+00
2.495250129699707031e+01
2.819250106811523438e+01
3.741750335693359375e+01
4.206375122070312500e+01
2.395125007629394531e+01
1.608750152587890625e+01
7.222500324249267578e+00
7.762500047683715820e-01
0.000000000000000000e+00
0.000000000000000000e+00
0.000000000000000000e+00
0.000000000000000000e+00
0.000000000000000000e+00
0.000000000000000000e+00
0.000000000000000000e+00
0.000000000000000000e+00
0.000000000000000000e+00
0.000000000000000000e+00
0.000000000000000000e+00
0.000000000000000000e+00
0.000000000000000000e+00
0.000000000000000000e+00
3.487500250339508057e-01
2.160000085830688477e+00
7.548750400543212891e+00
1.539000034332275391e+01
2.967750167846679688e+01
3.145500183105468750e+01
2.287125015258789062e+01
8.662500381469726562e+00
6.918750286102294922e+00
9.112500548362731934e-01
0.000000000000000000e+00
0.000000000000000000e+00
0.000000000000000000e+00
0.000000000000000000e+00
0.000000000000000000e+00
0.000000000000000000e+00
0.000000000000000000e+00
0.000000000000000000e+00
0.000000000000000000e+00
0.000000000000000000e+00
0.000000000000000000e+00
0.000000000000000000e+00
0.000000000000000000e+00
0.000000000000000000e+00
6.412500143051147461e-01
4.691250324249267578e+00
8.066249847412109375e+00
1.261125087738037109e+01
2.293875122070312500e+01
2.722500038146972656e+01
1.427625083923339844e+01
7.785000324249267578e+00
2.306250095367431641e+00
4.050000309944152832e-01
0.000000000000000000e+00
0.000000000000000000e+00
0.000000000000000000e+00
0.000000000000000000e+00
0.000000000000000000e+00
0.000000000000000000e+00
0.000000000000000000e+00
0.000000000000000000e+00
0.000000000000000000e+00
0.000000000000000000e+00
0.000000000000000000e+00
0.000000000000000000e+00
0.000000000000000000e+00
0.000000000000000000e+00
2.103749990463256836e+00
2.183625030517578125e+01
4.257000350952148438e+01
4.186125183105468750e+01
7.231500244140625000e+01
6.711750030517578125e+01
4.010625076293945312e+01
1.557000064849853516e+01
4.342500209808349609e+00
2.587500214576721191e-01
0.000000000000000000e+00
0.000000000000000000e+00
0.000000000000000000e+00
0.000000000000000000e+00
0.000000000000000000e+00
0.000000000000000000e+00
0.000000000000000000e+00
0.000000000000000000e+00
0.000000000000000000e+00
0.000000000000000000e+00
0.000000000000000000e+00
0.000000000000000000e+00
0.000000000000000000e+00
0.000000000000000000e+00
1.372500061988830566e+00
1.710000038146972656e+01
3.316500091552734375e+01
3.621375274658203125e+01
2.785500144958496094e+01
3.166875076293945312e+01
2.993625068664550781e+01
1.696500015258789062e+01
1.630125045776367188e+01
7.987500429153442383e-01
0.000000000000000000e+00
0.000000000000000000e+00
0.000000000000000000e+00
0.000000000000000000e+00
0.000000000000000000e+00
0.000000000000000000e+00
0.000000000000000000e+00
0.000000000000000000e+00
0.000000000000000000e+00
0.000000000000000000e+00
0.000000000000000000e+00
0.000000000000000000e+00
0.000000000000000000e+00
0.000000000000000000e+00
3.937500119209289551e-01
6.198750019073486328e+00
1.404000091552734375e+01
5.846625137329101562e+01
8.040375518798828125e+01
6.305625152587890625e+01
5.923125076293945312e+01
4.565250015258789062e+01
2.362500000000000000e+01
1.710000038146972656e+00
0.000000000000000000e+00
0.000000000000000000e+00
0.000000000000000000e+00
0.000000000000000000e+00
0.000000000000000000e+00
0.000000000000000000e+00
0.000000000000000000e+00
0.000000000000000000e+00
0.000000000000000000e+00
0.000000000000000000e+00
0.000000000000000000e+00
0.000000000000000000e+00
0.000000000000000000e+00
0.000000000000000000e+00
8.100000619888305664e-01
1.300500011444091797e+01
4.107375335693359375e+01
5.298750305175781250e+01
6.532875061035156250e+01
5.938875198364257812e+01
5.451750183105468750e+01
2.768625068664550781e+01
1.113750076293945312e+01
9.675000309944152832e-01
0.000000000000000000e+00
0.000000000000000000e+00
0.000000000000000000e+00
0.000000000000000000e+00
0.000000000000000000e+00
0.000000000000000000e+00
0.000000000000000000e+00
0.000000000000000000e+00
0.000000000000000000e+00
0.000000000000000000e+00
0.000000000000000000e+00
0.000000000000000000e+00
0.000000000000000000e+00
0.000000000000000000e+00
2.475000023841857910e-01
5.568750381469726562e+00
8.550000190734863281e+00
2.083500099182128906e+01
3.233250045776367188e+01
3.233250045776367188e+01
2.647125053405761719e+01
2.142000007629394531e+01
1.036125087738037109e+01
6.187500357627868652e-01
0.000000000000000000e+00
0.000000000000000000e+00
0.000000000000000000e+00
0.000000000000000000e+00
0.000000000000000000e+00
0.000000000000000000e+00
0.000000000000000000e+00
0.000000000000000000e+00
0.000000000000000000e+00
0.000000000000000000e+00
0.000000000000000000e+00
0.000000000000000000e+00
0.000000000000000000e+00
0.000000000000000000e+00
8.662500381469726562e-01
1.352250099182128906e+01
3.467250061035156250e+01
5.082750320434570312e+01
8.321625518798828125e+01
8.493750000000000000e+01
7.151625061035156250e+01
5.001750183105468750e+01
2.350125122070312500e+01
1.316250085830688477e+00
0.000000000000000000e+00
0.000000000000000000e+00
0.000000000000000000e+00
0.000000000000000000e+00
0.000000000000000000e+00
0.000000000000000000e+00
0.000000000000000000e+00
0.000000000000000000e+00
0.000000000000000000e+00
0.000000000000000000e+00
0.000000000000000000e+00
0.000000000000000000e+00
0.000000000000000000e+00
0.000000000000000000e+00
1.462500095367431641e-01
4.860000133514404297e+00
1.302750015258789062e+01
2.515500068664550781e+01
3.938625335693359375e+01
4.286250305175781250e+01
4.650750350952148438e+01
3.569625091552734375e+01
1.792125129699707031e+01
8.325000405311584473e-01
0.000000000000000000e+00
0.000000000000000000e+00
0.000000000000000000e+00
0.000000000000000000e+00
0.000000000000000000e+00
0.000000000000000000e+00
0.000000000000000000e+00
0.000000000000000000e+00
0.000000000000000000e+00
0.000000000000000000e+00
0.000000000000000000e+00
0.000000000000000000e+00
0.000000000000000000e+00
0.000000000000000000e+00
6.637500524520874023e-01
1.685250091552734375e+01
4.478625106811523438e+01
6.121125411987304688e+01
8.731125640869140625e+01
7.537500000000000000e+01
6.111000061035156250e+01
5.289750289916992188e+01
1.923750114440917969e+01
5.737500190734863281e-01
0.000000000000000000e+00
0.000000000000000000e+00
0.000000000000000000e+00
0.000000000000000000e+00
0.000000000000000000e+00
0.000000000000000000e+00
0.000000000000000000e+00
0.000000000000000000e+00
0.000000000000000000e+00
0.000000000000000000e+00
0.000000000000000000e+00
0.000000000000000000e+00
0.000000000000000000e+00
0.000000000000000000e+00
3.262500166893005371e-01
1.348875045776367188e+01
3.395250320434570312e+01
5.127750015258789062e+01
7.096500396728515625e+01
6.731999969482421875e+01
5.445000076293945312e+01
4.010625076293945312e+01
1.562625026702880859e+01
5.962499976158142090e-01
0.000000000000000000e+00
0.000000000000000000e+00
0.000000000000000000e+00
0.000000000000000000e+00
0.000000000000000000e+00
0.000000000000000000e+00
0.000000000000000000e+00
0.000000000000000000e+00
0.000000000000000000e+00
0.000000000000000000e+00
0.000000000000000000e+00
0.000000000000000000e+00
0.000000000000000000e+00
0.000000000000000000e+00
2.362500131130218506e-01
8.257500648498535156e+00
2.983500099182128906e+01
4.520250320434570312e+01
5.236875152587890625e+01
5.665500259399414062e+01
4.776750183105468750e+01
3.345750045776367188e+01
1.183500003814697266e+01
3.712500035762786865e-01
0.000000000000000000e+00
0.000000000000000000e+00
0.000000000000000000e+00
0.000000000000000000e+00
0.000000000000000000e+00
0.000000000000000000e+00
0.000000000000000000e+00
0.000000000000000000e+00
0.000000000000000000e+00
0.000000000000000000e+00
0.000000000000000000e+00
0.000000000000000000e+00
0.000000000000000000e+00
0.000000000000000000e+00
5.625000223517417908e-02
4.916250228881835938e+00
9.258749961853027344e+00
1.029375076293945312e+01
1.383750057220458984e+01
1.143000030517578125e+01
8.133749961853027344e+00
4.263750076293945312e+00
1.563750028610229492e+00
6.750000268220901489e-02
0.000000000000000000e+00
0.000000000000000000e+00
0.000000000000000000e+00
0.000000000000000000e+00
0.000000000000000000e+00
0.000000000000000000e+00
0.000000000000000000e+00
0.000000000000000000e+00
0.000000000000000000e+00
0.000000000000000000e+00
0.000000000000000000e+00
0.000000000000000000e+00
0.000000000000000000e+00
0.000000000000000000e+00
1.237500011920928955e-01
5.625000000000000000e+00
2.098125076293945312e+01
3.791250228881835938e+01
5.656500244140625000e+01
5.763375091552734375e+01
5.078250122070312500e+01
4.119750213623046875e+01
1.794375038146972656e+01
5.400000214576721191e-01
0.000000000000000000e+00
0.000000000000000000e+00
0.000000000000000000e+00
0.000000000000000000e+00
0.000000000000000000e+00
0.000000000000000000e+00
0.000000000000000000e+00
0.000000000000000000e+00
0.000000000000000000e+00
0.000000000000000000e+00
0.000000000000000000e+00
0.000000000000000000e+00
0.000000000000000000e+00
0.000000000000000000e+00
1.912500113248825073e-01
1.459125041961669922e+01
3.695625305175781250e+01
6.486750030517578125e+01
8.020125579833984375e+01
7.918875122070312500e+01
7.916625213623046875e+01
5.361750030517578125e+01
1.964249992370605469e+01
4.387500286102294922e-01
0.000000000000000000e+00
0.000000000000000000e+00
0.000000000000000000e+00
0.000000000000000000e+00
0.000000000000000000e+00
0.000000000000000000e+00
0.000000000000000000e+00
0.000000000000000000e+00
0.000000000000000000e+00
0.000000000000000000e+00
0.000000000000000000e+00
0.000000000000000000e+00
0.000000000000000000e+00
0.000000000000000000e+00
1.237500011920928955e-01
1.362375068664550781e+01
2.794500160217285156e+01
5.432625198364257812e+01
6.483375549316406250e+01
7.552125549316406250e+01
4.674375152587890625e+01
3.161250114440917969e+01
7.143750190734863281e+00
1.125000044703483582e-01
0.000000000000000000e+00
0.000000000000000000e+00
0.000000000000000000e+00
0.000000000000000000e+00
0.000000000000000000e+00
0.000000000000000000e+00
0.000000000000000000e+00
0.000000000000000000e+00
0.000000000000000000e+00
0.000000000000000000e+00
0.000000000000000000e+00
0.000000000000000000e+00
0.000000000000000000e+00
0.000000000000000000e+00
1.125000044703483582e-02
2.148750066757202148e+00
7.042500495910644531e+00
1.047375011444091797e+01
1.235250091552734375e+01
1.624500083923339844e+01
2.065500068664550781e+01
1.184625053405761719e+01
3.273750066757202148e+00
7.874999940395355225e-02
0.000000000000000000e+00
0.000000000000000000e+00
0.000000000000000000e+00
0.000000000000000000e+00
0.000000000000000000e+00
0.000000000000000000e+00
0.000000000000000000e+00
0.000000000000000000e+00
0.000000000000000000e+00
0.000000000000000000e+00
0.000000000000000000e+00
0.000000000000000000e+00
0.000000000000000000e+00
0.000000000000000000e+00
2.250000089406967163e-02
9.090000152587890625e+00
2.916000175476074219e+01
5.797125244140625000e+01
5.076000213623046875e+01
6.022125244140625000e+01
3.327750015258789062e+01
3.649500274658203125e+01
1.303875064849853516e+01
2.137500047683715820e-01
0.000000000000000000e+00
0.000000000000000000e+00
0.000000000000000000e+00
0.000000000000000000e+00
0.000000000000000000e+00
0.000000000000000000e+00
0.000000000000000000e+00
0.000000000000000000e+00
0.000000000000000000e+00
0.000000000000000000e+00
0.000000000000000000e+00
0.000000000000000000e+00
0.000000000000000000e+00
0.000000000000000000e+00
1.125000044703483582e-02
9.911250114440917969e+00
3.524625015258789062e+01
5.684625244140625000e+01
6.597000122070312500e+01
3.922875213623046875e+01
3.525749969482421875e+01
1.987874984741210938e+01
5.467500209808349609e+00
7.874999940395355225e-02
0.000000000000000000e+00
0.000000000000000000e+00
0.000000000000000000e+00
0.000000000000000000e+00
0.000000000000000000e+00
0.000000000000000000e+00
0.000000000000000000e+00
0.000000000000000000e+00
0.000000000000000000e+00
0.000000000000000000e+00
0.000000000000000000e+00
0.000000000000000000e+00
0.000000000000000000e+00
0.000000000000000000e+00
0.000000000000000000e+00
3.476250171661376953e+00
1.564875030517578125e+01
2.281500053405761719e+01
5.384250259399414062e+01
5.778000259399414062e+01
4.385250091552734375e+01
4.183875274658203125e+01
1.571625041961669922e+01
1.687500029802322388e-01
0.000000000000000000e+00
0.000000000000000000e+00
0.000000000000000000e+00
0.000000000000000000e+00
0.000000000000000000e+00
0.000000000000000000e+00
0.000000000000000000e+00
0.000000000000000000e+00
0.000000000000000000e+00
0.000000000000000000e+00
0.000000000000000000e+00
0.000000000000000000e+00
0.000000000000000000e+00
0.000000000000000000e+00
0.000000000000000000e+00
8.673749923706054688e+00
3.345750045776367188e+01
5.764500045776367188e+01
6.846750640869140625e+01
5.647500228881835938e+01
3.561750030517578125e+01
1.885500144958496094e+01
6.311250209808349609e+00
7.874999940395355225e-02
0.000000000000000000e+00
0.000000000000000000e+00
0.000000000000000000e+00
0.000000000000000000e+00
0.000000000000000000e+00
0.000000000000000000e+00
0.000000000000000000e+00
0.000000000000000000e+00
0.000000000000000000e+00
0.000000000000000000e+00
0.000000000000000000e+00
0.000000000000000000e+00
0.000000000000000000e+00
0.000000000000000000e+00
0.000000000000000000e+00
7.470000267028808594e+00
3.070125198364257812e+01
4.424625015258789062e+01
4.548375320434570312e+01
5.271750259399414062e+01
3.641625213623046875e+01
2.009250068664550781e+01
8.966250419616699219e+00
6.750000268220901489e-02
0.000000000000000000e+00
0.000000000000000000e+00
0.000000000000000000e+00
0.000000000000000000e+00
0.000000000000000000e+00
0.000000000000000000e+00
0.000000000000000000e+00
0.000000000000000000e+00
0.000000000000000000e+00
0.000000000000000000e+00
0.000000000000000000e+00
0.000000000000000000e+00
0.000000000000000000e+00
0.000000000000000000e+00
0.000000000000000000e+00
7.301250457763671875e+00
2.352375030517578125e+01
3.872249984741210938e+01
5.512500381469726562e+01
6.598125457763671875e+01
5.416875076293945312e+01
3.890250015258789062e+01
1.397250080108642578e+01
9.000000357627868652e-02
0.000000000000000000e+00
0.000000000000000000e+00
0.000000000000000000e+00
0.000000000000000000e+00
0.000000000000000000e+00
0.000000000000000000e+00
0.000000000000000000e+00
0.000000000000000000e+00
0.000000000000000000e+00
0.000000000000000000e+00
0.000000000000000000e+00
0.000000000000000000e+00
0.000000000000000000e+00
0.000000000000000000e+00
0.000000000000000000e+00
5.850000381469726562e+00
1.918125152587890625e+01
3.782250213623046875e+01
4.277250289916992188e+01
6.505875396728515625e+01
4.825125122070312500e+01
2.551500129699707031e+01
7.200000286102294922e+00
4.500000178813934326e-02
0.000000000000000000e+00
0.000000000000000000e+00
0.000000000000000000e+00
0.000000000000000000e+00
0.000000000000000000e+00
0.000000000000000000e+00
0.000000000000000000e+00
0.000000000000000000e+00
0.000000000000000000e+00
0.000000000000000000e+00
0.000000000000000000e+00
0.000000000000000000e+00
0.000000000000000000e+00
0.000000000000000000e+00
0.000000000000000000e+00
4.938750267028808594e+00
1.279125022888183594e+01
1.719000053405761719e+01
2.421000099182128906e+01
2.246625137329101562e+01
1.455750083923339844e+01
1.058625030517578125e+01
4.196249961853027344e+00
2.250000089406967163e-02
0.000000000000000000e+00
0.000000000000000000e+00
0.000000000000000000e+00
0.000000000000000000e+00
0.000000000000000000e+00
0.000000000000000000e+00
0.000000000000000000e+00
0.000000000000000000e+00
0.000000000000000000e+00
0.000000000000000000e+00
0.000000000000000000e+00
0.000000000000000000e+00
0.000000000000000000e+00
0.000000000000000000e+00
0.000000000000000000e+00
2.160000085830688477e+00
1.666125106811523438e+01
2.099250030517578125e+01
1.319625091552734375e+01
1.342125034332275391e+01
1.597500038146972656e+01
1.820250129699707031e+01
4.961250305175781250e+00
2.250000089406967163e-02
0.000000000000000000e+00
0.000000000000000000e+00
0.000000000000000000e+00
0.000000000000000000e+00
0.000000000000000000e+00
0.000000000000000000e+00
0.000000000000000000e+00
0.000000000000000000e+00
0.000000000000000000e+00
0.000000000000000000e+00
0.000000000000000000e+00
0.000000000000000000e+00
0.000000000000000000e+00
0.000000000000000000e+00
0.000000000000000000e+00
1.597500085830688477e+00
9.495000839233398438e+00
1.553625106811523438e+01
1.552500057220458984e+01
1.545750045776367188e+01
1.411875057220458984e+01
1.055250072479248047e+01
3.611250162124633789e+00
1.125000044703483582e-02
0.000000000000000000e+00
0.000000000000000000e+00
0.000000000000000000e+00
0.000000000000000000e+00
0.000000000000000000e+00
0.000000000000000000e+00
0.000000000000000000e+00
0.000000000000000000e+00
0.000000000000000000e+00
0.000000000000000000e+00
0.000000000000000000e+00
0.000000000000000000e+00
0.000000000000000000e+00
0.000000000000000000e+00
0.000000000000000000e+00
4.500000000000000000e+00
1.701000022888183594e+01
3.137625122070312500e+01
3.884625244140625000e+01
4.284000015258789062e+01
4.186125183105468750e+01
2.485125160217285156e+01
6.840000152587890625e+00
2.250000089406967163e-02
0.000000000000000000e+00
0.000000000000000000e+00
0.000000000000000000e+00
0.000000000000000000e+00
0.000000000000000000e+00
0.000000000000000000e+00
0.000000000000000000e+00
0.000000000000000000e+00
0.000000000000000000e+00
0.000000000000000000e+00
0.000000000000000000e+00
0.000000000000000000e+00
0.000000000000000000e+00
0.000000000000000000e+00
0.000000000000000000e+00
8.291250228881835938e+00
3.907125091552734375e+01
6.728625488281250000e+01
8.004375457763671875e+01
7.945875549316406250e+01
7.344000244140625000e+01
4.543875122070312500e+01
1.437750053405761719e+01
2.250000089406967163e-02
0.000000000000000000e+00
0.000000000000000000e+00
0.000000000000000000e+00
0.000000000000000000e+00
0.000000000000000000e+00
0.000000000000000000e+00
0.000000000000000000e+00
0.000000000000000000e+00
0.000000000000000000e+00
0.000000000000000000e+00
0.000000000000000000e+00
0.000000000000000000e+00
0.000000000000000000e+00
0.000000000000000000e+00
0.000000000000000000e+00
5.883750438690185547e+00
3.226499938964843750e+01
6.194250106811523438e+01
7.538625335693359375e+01
7.809750366210937500e+01
6.201000213623046875e+01
3.789000320434570312e+01
1.156500053405761719e+01
2.250000089406967163e-02
0.000000000000000000e+00
0.000000000000000000e+00
0.000000000000000000e+00
0.000000000000000000e+00
0.000000000000000000e+00
0.000000000000000000e+00
0.000000000000000000e+00
0.000000000000000000e+00
0.000000000000000000e+00
0.000000000000000000e+00
0.000000000000000000e+00
0.000000000000000000e+00
0.000000000000000000e+00
0.000000000000000000e+00
0.000000000000000000e+00
5.366250038146972656e+00
2.130750083923339844e+01
3.292875289916992188e+01
3.630375289916992188e+01
3.848625183105468750e+01
3.143250083923339844e+01
2.643750190734863281e+01
6.761250495910644531e+00
1.125000044703483582e-02
0.000000000000000000e+00
0.000000000000000000e+00
0.000000000000000000e+00
0.000000000000000000e+00
0.000000000000000000e+00
0.000000000000000000e+00
0.000000000000000000e+00
0.000000000000000000e+00
0.000000000000000000e+00
0.000000000000000000e+00
0.000000000000000000e+00
0.000000000000000000e+00
0.000000000000000000e+00
0.000000000000000000e+00
0.000000000000000000e+00
5.670000076293945312e+00
2.809125137329101562e+01
4.578750228881835938e+01
4.696875000000000000e+01
3.507750320434570312e+01
2.207250022888183594e+01
6.626250267028808594e+00
1.541250109672546387e+00
1.125000044703483582e-02
0.000000000000000000e+00
0.000000000000000000e+00
0.000000000000000000e+00
0.000000000000000000e+00
0.000000000000000000e+00
0.000000000000000000e+00
0.000000000000000000e+00
0.000000000000000000e+00
0.000000000000000000e+00
0.000000000000000000e+00
0.000000000000000000e+00
0.000000000000000000e+00
0.000000000000000000e+00
0.000000000000000000e+00
0.000000000000000000e+00
2.925000190734863281e+00
1.136250019073486328e+01
1.269000053405761719e+01
1.461375045776367188e+01
1.158750057220458984e+01
1.378125095367431641e+01
9.697500228881835938e+00
3.982500076293945312e+00
1.125000044703483582e-02
0.000000000000000000e+00
0.000000000000000000e+00
0.000000000000000000e+00
0.000000000000000000e+00
0.000000000000000000e+00
0.000000000000000000e+00
0.000000000000000000e+00
0.000000000000000000e+00
0.000000000000000000e+00
0.000000000000000000e+00
0.000000000000000000e+00
0.000000000000000000e+00
0.000000000000000000e+00
0.000000000000000000e+00
0.000000000000000000e+00
2.700000047683715820e+00
1.636875152587890625e+01
5.205375289916992188e+01
7.323750305175781250e+01
6.932250213623046875e+01
5.812875366210937500e+01
4.323375320434570312e+01
1.370250034332275391e+01
1.125000044703483582e-02
0.000000000000000000e+00
0.000000000000000000e+00
0.000000000000000000e+00
0.000000000000000000e+00
0.000000000000000000e+00
0.000000000000000000e+00
0.000000000000000000e+00
0.000000000000000000e+00
0.000000000000000000e+00
0.000000000000000000e+00
0.000000000000000000e+00
0.000000000000000000e+00
0.000000000000000000e+00
0.000000000000000000e+00
0.000000000000000000e+00
4.871250152587890625e+00
2.801250076293945312e+01
5.847750091552734375e+01
7.636500549316406250e+01
7.808625030517578125e+01
6.401250457763671875e+01
2.669625091552734375e+01
6.221250057220458984e+00
1.125000044703483582e-02
0.000000000000000000e+00
0.000000000000000000e+00
0.000000000000000000e+00
0.000000000000000000e+00
0.000000000000000000e+00
0.000000000000000000e+00
0.000000000000000000e+00
0.000000000000000000e+00
0.000000000000000000e+00
0.000000000000000000e+00
0.000000000000000000e+00
0.000000000000000000e+00
0.000000000000000000e+00
0.000000000000000000e+00
0.000000000000000000e+00
1.575000047683715820e+00
1.132875061035156250e+01
2.683125114440917969e+01
6.062625122070312500e+01
6.023250198364257812e+01
3.665250015258789062e+01
2.509875106811523438e+01
9.742500305175781250e+00
1.125000044703483582e-02
0.000000000000000000e+00
0.000000000000000000e+00
0.000000000000000000e+00
0.000000000000000000e+00
0.000000000000000000e+00
0.000000000000000000e+00
0.000000000000000000e+00
0.000000000000000000e+00
0.000000000000000000e+00
0.000000000000000000e+00
0.000000000000000000e+00
0.000000000000000000e+00
0.000000000000000000e+00
0.000000000000000000e+00
0.000000000000000000e+00
2.508750200271606445e+00
2.081250000000000000e+01
3.589875030517578125e+01
5.504625320434570312e+01
5.607000350952148438e+01
5.486625289916992188e+01
2.964375114440917969e+01
6.660000324249267578e+00
1.125000044703483582e-02
0.000000000000000000e+00
0.000000000000000000e+00
0.000000000000000000e+00
0.000000000000000000e+00
0.000000000000000000e+00
0.000000000000000000e+00
0.000000000000000000e+00
0.000000000000000000e+00
0.000000000000000000e+00
0.000000000000000000e+00
0.000000000000000000e+00
0.000000000000000000e+00
0.000000000000000000e+00
0.000000000000000000e+00
0.000000000000000000e+00
3.127500057220458984e+00
1.816875076293945312e+01
2.795625114440917969e+01
4.610250091552734375e+01
5.496750259399414062e+01
4.195125198364257812e+01
2.885625076293945312e+01
9.933750152587890625e+00
2.250000089406967163e-02
0.000000000000000000e+00
0.000000000000000000e+00
0.000000000000000000e+00
0.000000000000000000e+00
0.000000000000000000e+00
0.000000000000000000e+00
0.000000000000000000e+00
0.000000000000000000e+00
0.000000000000000000e+00
0.000000000000000000e+00
0.000000000000000000e+00
0.000000000000000000e+00
0.000000000000000000e+00
0.000000000000000000e+00
0.000000000000000000e+00
2.767500162124633789e+00
1.039500045776367188e+01
1.640250015258789062e+01
3.433500289916992188e+01
6.482250213623046875e+01
4.312125015258789062e+01
3.099375152587890625e+01
9.033750534057617188e+00
2.250000089406967163e-02
0.000000000000000000e+00
0.000000000000000000e+00
0.000000000000000000e+00
0.000000000000000000e+00
0.000000000000000000e+00
0.000000000000000000e+00
0.000000000000000000e+00
0.000000000000000000e+00
0.000000000000000000e+00
0.000000000000000000e+00
0.000000000000000000e+00
0.000000000000000000e+00
0.000000000000000000e+00
0.000000000000000000e+00
0.000000000000000000e+00
4.162500381469726562e+00
2.907000160217285156e+01
5.352750396728515625e+01
6.468750000000000000e+01
6.084000396728515625e+01
4.494375228881835938e+01
2.857500076293945312e+01
7.818750381469726562e+00
2.250000089406967163e-02
0.000000000000000000e+00
0.000000000000000000e+00
0.000000000000000000e+00
0.000000000000000000e+00
0.000000000000000000e+00
0.000000000000000000e+00
0.000000000000000000e+00
0.000000000000000000e+00
0.000000000000000000e+00
0.000000000000000000e+00
0.000000000000000000e+00
0.000000000000000000e+00
0.000000000000000000e+00
0.000000000000000000e+00
0.000000000000000000e+00
3.093750238418579102e+00
2.286000061035156250e+01
3.744000244140625000e+01
3.600000000000000000e+01
3.793500137329101562e+01
2.687625122070312500e+01
8.628750801086425781e+00
2.283750057220458984e+00
1.125000044703483582e-02
0.000000000000000000e+00
0.000000000000000000e+00
0.000000000000000000e+00
0.000000000000000000e+00
0.000000000000000000e+00
0.000000000000000000e+00
0.000000000000000000e+00
0.000000000000000000e+00
0.000000000000000000e+00
0.000000000000000000e+00
0.000000000000000000e+00
0.000000000000000000e+00
0.000000000000000000e+00
0.000000000000000000e+00
0.000000000000000000e+00
2.283750057220458984e+00
1.366875076293945312e+01
2.184750175476074219e+01
4.309875106811523438e+01
4.309875106811523438e+01
4.503375244140625000e+01
2.238750076293945312e+01
6.727500438690185547e+00
2.250000089406967163e-02
0.000000000000000000e+00
0.000000000000000000e+00
0.000000000000000000e+00
0.000000000000000000e+00
0.000000000000000000e+00
0.000000000000000000e+00
0.000000000000000000e+00
0.000000000000000000e+00
0.000000000000000000e+00
0.000000000000000000e+00
0.000000000000000000e+00
0.000000000000000000e+00
0.000000000000000000e+00
0.000000000000000000e+00
0.000000000000000000e+00
5.625000000000000000e-01
5.478750228881835938e+00
6.491250038146972656e+00
7.582500457763671875e+00
7.222500324249267578e+00
5.073750019073486328e+00
3.397500038146972656e+00
1.946250081062316895e+00
1.125000044703483582e-02
0.000000000000000000e+00
0.000000000000000000e+00
0.000000000000000000e+00
0.000000000000000000e+00
0.000000000000000000e+00
0.000000000000000000e+00
0.000000000000000000e+00
0.000000000000000000e+00
0.000000000000000000e+00
0.000000000000000000e+00
0.000000000000000000e+00
0.000000000000000000e+00
0.000000000000000000e+00
0.000000000000000000e+00
0.000000000000000000e+00
1.687500119209289551e+00
1.083375072479248047e+01
2.046375083923339844e+01
2.977875137329101562e+01
3.337874984741210938e+01
2.765250015258789062e+01
1.648125076293945312e+01
7.616250514984130859e+00
4.500000178813934326e-02
0.000000000000000000e+00
0.000000000000000000e+00
0.000000000000000000e+00
0.000000000000000000e+00
0.000000000000000000e+00
0.000000000000000000e+00
0.000000000000000000e+00
0.000000000000000000e+00
0.000000000000000000e+00
0.000000000000000000e+00
0.000000000000000000e+00
0.000000000000000000e+00
0.000000000000000000e+00
0.000000000000000000e+00
0.000000000000000000e+00
1.642500042915344238e+00
1.076625061035156250e+01
2.439000129699707031e+01
2.594250106811523438e+01
2.301750183105468750e+01
2.599875068664550781e+01
1.823624992370605469e+01
6.165000438690185547e+00
4.500000178813934326e-02
0.000000000000000000e+00
0.000000000000000000e+00
0.000000000000000000e+00
0.000000000000000000e+00
0.000000000000000000e+00
0.000000000000000000e+00
0.000000000000000000e+00
0.000000000000000000e+00
0.000000000000000000e+00
0.000000000000000000e+00
0.000000000000000000e+00
0.000000000000000000e+00
0.000000000000000000e+00
0.000000000000000000e+00
0.000000000000000000e+00
1.271250009536743164e+00
7.908750534057617188e+00
2.291625022888183594e+01
2.416500091552734375e+01
2.928375053405761719e+01
2.136375045776367188e+01
1.480500030517578125e+01
4.466249942779541016e+00
4.500000178813934326e-02
0.000000000000000000e+00
0.000000000000000000e+00
0.000000000000000000e+00
0.000000000000000000e+00
0.000000000000000000e+00
0.000000000000000000e+00
0.000000000000000000e+00
0.000000000000000000e+00
0.000000000000000000e+00
0.000000000000000000e+00
0.000000000000000000e+00
0.000000000000000000e+00
0.000000000000000000e+00
0.000000000000000000e+00
0.000000000000000000e+00
1.158750057220458984e+00
1.109250068664550781e+01
2.919375038146972656e+01
2.361375045776367188e+01
2.764125061035156250e+01
3.652875137329101562e+01
2.595375061035156250e+01
9.945000648498535156e+00
1.012500077486038208e-01
0.000000000000000000e+00
0.000000000000000000e+00
0.000000000000000000e+00
0.000000000000000000e+00
0.000000000000000000e+00
0.000000000000000000e+00
0.000000000000000000e+00
0.000000000000000000e+00
0.000000000000000000e+00
0.000000000000000000e+00
0.000000000000000000e+00
0.000000000000000000e+00
0.000000000000000000e+00
0.000000000000000000e+00
0.000000000000000000e+00
3.645000219345092773e+00
2.911500167846679688e+01
5.531625366210937500e+01
6.163875198364257812e+01
7.620750427246093750e+01
6.018750381469726562e+01
2.408625030517578125e+01
5.130000114440917969e+00
1.012500077486038208e-01
0.000000000000000000e+00
0.000000000000000000e+00
0.000000000000000000e+00
0.000000000000000000e+00
0.000000000000000000e+00
0.000000000000000000e+00
0.000000000000000000e+00
0.000000000000000000e+00
0.000000000000000000e+00
0.000000000000000000e+00
0.000000000000000000e+00
0.000000000000000000e+00
0.000000000000000000e+00
0.000000000000000000e+00
0.000000000000000000e+00
2.137500047683715820e+00
1.415250015258789062e+01
2.064375114440917969e+01
2.626875114440917969e+01
2.644875144958496094e+01
3.054375076293945312e+01
2.443500137329101562e+01
8.505000114440917969e+00
1.237500011920928955e-01
0.000000000000000000e+00
0.000000000000000000e+00
0.000000000000000000e+00
0.000000000000000000e+00
0.000000000000000000e+00
0.000000000000000000e+00
0.000000000000000000e+00
0.000000000000000000e+00
0.000000000000000000e+00
0.000000000000000000e+00
0.000000000000000000e+00
0.000000000000000000e+00
0.000000000000000000e+00
0.000000000000000000e+00
0.000000000000000000e+00
1.293750047683715820e+00
1.118250083923339844e+01
1.937250137329101562e+01
3.524625015258789062e+01
4.248000335693359375e+01
4.273875045776367188e+01
2.743875122070312500e+01
1.134000015258789062e+01
1.687500029802322388e-01
0.000000000000000000e+00
0.000000000000000000e+00
0.000000000000000000e+00
0.000000000000000000e+00
0.000000000000000000e+00
0.000000000000000000e+00
0.000000000000000000e+00
0.000000000000000000e+00
0.000000000000000000e+00
0.000000000000000000e+00
0.000000000000000000e+00
0.000000000000000000e+00
0.000000000000000000e+00
0.000000000000000000e+00
0.000000000000000000e+00
2.463750123977661133e+00
1.987874984741210938e+01
5.123250198364257812e+01
7.479000091552734375e+01
7.263000488281250000e+01
6.367500305175781250e+01
4.215375137329101562e+01
1.651500129699707031e+01
2.587500214576721191e-01
0.000000000000000000e+00
0.000000000000000000e+00
0.000000000000000000e+00
0.000000000000000000e+00
0.000000000000000000e+00
0.000000000000000000e+00
0.000000000000000000e+00
0.000000000000000000e+00
0.000000000000000000e+00
0.000000000000000000e+00
0.000000000000000000e+00
0.000000000000000000e+00
0.000000000000000000e+00
0.000000000000000000e+00
0.000000000000000000e+00
2.497500181198120117e+00
1.456875038146972656e+01
2.106000137329101562e+01
1.526625061035156250e+01
2.684250068664550781e+01
1.578375053405761719e+01
7.548750400543212891e+00
2.103749990463256836e+00
6.750000268220901489e-02
0.000000000000000000e+00
0.000000000000000000e+00
0.000000000000000000e+00
0.000000000000000000e+00
0.000000000000000000e+00
0.000000000000000000e+00
0.000000000000000000e+00
0.000000000000000000e+00
0.000000000000000000e+00
0.000000000000000000e+00
0.000000000000000000e+00
0.000000000000000000e+00
0.000000000000000000e+00
0.000000000000000000e+00
0.000000000000000000e+00
4.050000309944152832e-01
4.050000190734863281e+00
8.482500076293945312e+00
1.903499984741210938e+01
2.014875030517578125e+01
1.771875000000000000e+01
9.753750801086425781e+00
6.097500324249267578e+00
2.137500047683715820e-01
0.000000000000000000e+00
0.000000000000000000e+00
0.000000000000000000e+00
0.000000000000000000e+00
0.000000000000000000e+00
0.000000000000000000e+00
0.000000000000000000e+00
